0 0.016000 0.941919 0.028000 0.111111
0 0.088000 0.949495 0.144000 0.101010
0 0.103000 0.935606 0.106000 0.118687
0 0.261000 0.952020 0.154000 0.095960
0 0.147000 0.952020 0.066000 0.095960
0 0.206000 0.938131 0.076000 0.098485
0 0.337000 0.943182 0.090000 0.108586
0 0.376000 0.948232 0.072000 0.093434
0 0.456000 0.944444 0.116000 0.111111
0 0.541000 0.941919 0.110000 0.116162
0 0.596000 0.938131 0.080000 0.098485
0 0.643000 0.941919 0.070000 0.075758
1 0.672000 0.895202 0.144000 0.174242
0 0.737000 0.934343 0.058000 0.075758
0 0.761000 0.935606 0.042000 0.058081
4 0.812000 0.934343 0.084000 0.131313
4 0.941000 0.902778 0.118000 0.189394
0 0.385000 0.952020 0.050000 0.095960
