0 0.893220 0.893967 0.145763 0.120658
0 0.724576 0.799817 0.113559 0.115174
0 0.763559 0.976234 0.167797 0.047532
0 0.068644 0.876600 0.133898 0.129799
0 0.350000 0.781536 0.110169 0.104205
0 0.167797 0.778793 0.122034 0.117002
0 0.385593 0.688300 0.083051 0.071298
0 0.222881 0.715722 0.093220 0.074954
0 0.276271 0.662706 0.077966 0.074954
0 0.153390 0.672761 0.083051 0.065814
0 0.414407 0.617916 0.062712 0.051188
0 0.321186 0.608775 0.062712 0.054845
0 0.211017 0.619744 0.069492 0.054845
0 0.425424 0.579525 0.054237 0.047532
0 0.347458 0.574954 0.054237 0.045704
0 0.303390 0.562157 0.047458 0.042048
1 0.282203 0.528336 0.055932 0.076782
0 0.443220 0.538391 0.042373 0.034735
0 0.383051 0.521024 0.040678 0.036563
0 0.328814 0.512797 0.033898 0.031079
0 0.559322 0.759598 0.101695 0.093236
0 0.667797 0.718464 0.091525 0.076782
0 0.631356 0.648080 0.066102 0.078611
0 0.548305 0.634369 0.069492 0.062157
0 0.691525 0.638940 0.077966 0.063985
0 0.759322 0.603291 0.088136 0.051188
0 0.840678 0.601463 0.061017 0.051188
0 0.610169 0.592322 0.054237 0.054845
0 0.650847 0.579525 0.047458 0.047532
0 0.535593 0.573126 0.044068 0.049360
0 0.569492 0.561243 0.040678 0.043876
0 0.665254 0.542048 0.038983 0.034735
0 0.949153 0.570384 0.054237 0.058501
0 0.886441 0.545704 0.044068 0.034735
0 0.916949 0.560329 0.030508 0.038391
0 0.855932 0.527422 0.033898 0.034735
0 0.826271 0.517367 0.032203 0.025594
0 0.602542 0.520110 0.038983 0.034735
0 0.549153 0.541133 0.044068 0.040219
4 0.050000 0.621572 0.022034 0.076782
4 0.147458 0.595064 0.016949 0.060329
