0 0.860374 0.827273 0.101404 0.098182
0 0.801092 0.720909 0.079563 0.078182
0 0.666147 0.672727 0.071763 0.072727
0 0.792512 0.660909 0.071763 0.074545
0 0.800312 0.593636 0.059282 0.056364
0 0.806552 0.542727 0.046802 0.045455
0 0.662246 0.517273 0.042122 0.049091
0 0.722309 0.515455 0.040562 0.041818
1 0.977379 0.804545 0.045242 0.212727
0 0.159906 0.930000 0.117005 0.114545
0 0.269111 0.761818 0.085803 0.080000
0 0.109204 0.782727 0.090484 0.089091
0 0.425117 0.675455 0.076443 0.070909
0 0.184867 0.702727 0.073323 0.096364
0 0.339314 0.621818 0.070203 0.065455
0 0.464899 0.580000 0.059282 0.050909
0 0.368955 0.565455 0.063963 0.058182
0 0.370515 0.500909 0.042122 0.038182
0 0.432917 0.502727 0.042122 0.038182
0 0.229329 0.507273 0.053042 0.050909
0 0.843994 0.499091 0.040562 0.034545
