0 0.982609 0.637331 0.034783 0.044487
0 0.936957 0.624758 0.073913 0.042553
0 0.918841 0.625725 0.055072 0.040619
4 0.956522 0.663443 0.014493 0.050290
0 0.931159 0.669246 0.053623 0.050290
4 0.826812 0.677950 0.015942 0.052224
0 0.826812 0.629594 0.073913 0.032882
0 0.816667 0.650870 0.036232 0.036750
0 0.809420 0.668279 0.047826 0.044487
0 0.764493 0.682785 0.047826 0.046422
0 0.828986 0.734043 0.060870 0.059961
0 0.798551 0.752418 0.066667 0.061896
0 0.737681 0.784333 0.072464 0.087041
0 0.691304 0.811412 0.086957 0.098646
0 0.476087 0.882979 0.108696 0.094778
0 0.044928 0.852031 0.086957 0.071567
0 0.143478 0.801741 0.115942 0.114120
0 0.215942 0.797872 0.081159 0.059961
0 0.305797 0.773694 0.086957 0.069632
0 0.432609 0.671180 0.094203 0.042553
4 0.760870 0.636364 0.017391 0.030948
3 0.760145 0.646035 0.033333 0.027079
