0 0.816000 0.788630 0.164000 0.113703
0 0.866000 0.787172 0.112000 0.093294
0 0.919000 0.785714 0.082000 0.090379
0 0.679000 0.790087 0.118000 0.099125
0 0.493000 0.779883 0.098000 0.090379
0 0.593000 0.785714 0.106000 0.078717
0 0.373000 0.791545 0.134000 0.090379
0 0.248000 0.779883 0.108000 0.084548
0 0.150000 0.785714 0.064000 0.078717
0 0.209000 0.779883 0.066000 0.072886
0 0.078000 0.778426 0.096000 0.081633
0 0.530000 0.739067 0.300000 0.142857
1 0.043000 0.740525 0.082000 0.128280
0 0.037000 0.814869 0.070000 0.142857
