0 0.957971 0.910465 0.084058 0.179070
0 0.741304 0.876744 0.166667 0.227907
0 0.233333 0.808140 0.127536 0.123256
0 0.084058 0.860465 0.165217 0.246512
0 0.427536 0.806977 0.034783 0.046512
0 0.425362 0.786047 0.027536 0.032558
0 0.528261 0.763953 0.013043 0.025581
0 0.542029 0.754651 0.014493 0.025581
1 0.623188 0.777907 0.046377 0.100000
0 0.628261 0.817442 0.030435 0.048837
0 0.657971 0.837209 0.069565 0.088372
0 0.664493 0.855814 0.073913 0.102326
0 0.798551 0.850000 0.057971 0.100000
0 0.834058 0.867442 0.076812 0.106977
0 0.902174 0.883721 0.134783 0.144186
