0 0.633333 0.876563 0.054167 0.065625
0 0.561458 0.834375 0.039583 0.056250
0 0.493750 0.865625 0.050000 0.068750
0 0.583333 0.790625 0.037500 0.050000
0 0.480208 0.779687 0.027083 0.046875
0 0.518750 0.750000 0.025000 0.031250
0 0.637500 0.731250 0.029167 0.037500
0 0.396875 0.814063 0.043750 0.053125
0 0.322917 0.850000 0.054167 0.068750
0 0.297917 0.778125 0.033333 0.043750
0 0.440625 0.723437 0.022917 0.028125
0 0.420833 0.710938 0.020833 0.028125
0 0.382292 0.718750 0.022917 0.025000
0 0.346875 0.723437 0.027083 0.028125
0 0.309375 0.734375 0.027083 0.043750
0 0.322917 0.696875 0.025000 0.031250
0 0.225000 0.712500 0.029167 0.031250
0 0.167708 0.737500 0.039583 0.037500
0 0.060417 0.776563 0.050000 0.046875
1 0.618750 0.685937 0.029167 0.046875
