0 0.480718 0.751597 0.328457 0.337061
0 0.734707 0.736422 0.182181 0.159744
0 0.946144 0.726837 0.107713 0.137380
0 0.902261 0.693291 0.086436 0.083067
0 0.735372 0.597444 0.053191 0.051118
0 0.225399 0.707668 0.099734 0.118211
0 0.145612 0.712460 0.083777 0.111821
0 0.297207 0.700479 0.078457 0.094249
0 0.192819 0.609425 0.055851 0.052716
0 0.257979 0.604633 0.050532 0.046326
0 0.381649 0.599042 0.058511 0.047923
1 0.262633 0.596645 0.147606 0.065495
1 0.066489 0.587061 0.127660 0.087859
1 0.658245 0.595048 0.037234 0.039936
1 0.690824 0.598243 0.030585 0.030351
0 0.846410 0.587061 0.094415 0.046326
