0 0.678723 0.869159 0.087234 0.123364
0 0.536702 0.872897 0.084043 0.115888
0 0.375532 0.883178 0.100000 0.151402
0 0.458511 0.815888 0.044681 0.061682
0 0.613830 0.850467 0.065957 0.085981
0 0.535638 0.803738 0.037234 0.048598
0 0.480851 0.785047 0.036170 0.052336
0 0.578723 0.796262 0.038298 0.048598
0 0.534043 0.759813 0.027660 0.042991
0 0.573936 0.772897 0.026596 0.039252
0 0.570213 0.756075 0.025532 0.035514
0 0.441489 0.752336 0.023404 0.031776
0 0.459574 0.745794 0.021277 0.029907
0 0.486702 0.763551 0.024468 0.035514
0 0.472872 0.742991 0.015957 0.028037
0 0.530319 0.730841 0.018085 0.029907
0 0.558511 0.745794 0.021277 0.033645
0 0.873404 0.954206 0.253191 0.091589
0 0.872340 0.841121 0.070213 0.067290
0 0.906915 0.836449 0.058511 0.069159
0 0.946277 0.834579 0.047872 0.054206
0 0.786170 0.824299 0.044681 0.052336
0 0.823936 0.823364 0.043617 0.054206
0 0.726064 0.805607 0.032979 0.044860
0 0.840426 0.806542 0.038298 0.050467
0 0.769149 0.790654 0.029787 0.044860
0 0.799468 0.794393 0.032979 0.029907
0 0.717021 0.791589 0.023404 0.035514
0 0.705319 0.771963 0.027660 0.048598
1 0.765957 0.723364 0.038298 0.067290
0 0.727660 0.767290 0.021277 0.031776
0 0.975532 0.809346 0.038298 0.037383
0 0.775532 0.764486 0.034043 0.037383
0 0.035638 0.874766 0.069149 0.097196
1 0.175000 0.789720 0.075532 0.128972
