0 0.942771 0.414000 0.090361 0.048000
0 0.980422 0.376000 0.039157 0.044000
0 0.856928 0.362000 0.069277 0.040000
0 0.954819 0.347000 0.072289 0.034000
0 0.971386 0.304000 0.057229 0.040000
0 0.810241 0.312000 0.060241 0.028000
0 0.816265 0.279000 0.060241 0.026000
1 0.888554 0.257000 0.066265 0.046000
0 0.780120 0.272000 0.036145 0.024000
0 0.750000 0.258000 0.042169 0.024000
0 0.807229 0.232000 0.030120 0.016000
0 0.811747 0.835000 0.280120 0.174000
0 0.262048 0.977000 0.313253 0.046000
0 0.346386 0.903000 0.319277 0.194000
0 0.456325 0.656000 0.207831 0.156000
0 0.753012 0.623000 0.180723 0.102000
0 0.700301 0.528000 0.147590 0.100000
0 0.474398 0.528000 0.135542 0.076000
0 0.507530 0.483000 0.111446 0.062000
0 0.676205 0.468000 0.117470 0.052000
0 0.653614 0.428000 0.096386 0.044000
0 0.510542 0.439000 0.099398 0.054000
0 0.521084 0.409000 0.084337 0.042000
0 0.661145 0.397000 0.081325 0.042000
0 0.647590 0.373000 0.072289 0.030000
0 0.545181 0.385000 0.078313 0.046000
0 0.522590 0.370000 0.087349 0.048000
0 0.643072 0.356000 0.075301 0.028000
0 0.643072 0.343000 0.069277 0.034000
0 0.557229 0.294000 0.054217 0.028000
0 0.403614 0.613000 0.144578 0.098000
0 0.049699 0.707000 0.093373 0.126000
0 0.147590 0.639000 0.192771 0.110000
0 0.036145 0.579000 0.066265 0.086000
0 0.121988 0.532000 0.153614 0.104000
0 0.046687 0.509000 0.087349 0.066000
0 0.069277 0.491000 0.114458 0.066000
0 0.081325 0.465000 0.102410 0.050000
0 0.049699 0.450000 0.087349 0.048000
0 0.040663 0.423000 0.075301 0.054000
0 0.051205 0.398000 0.078313 0.048000
0 0.293675 0.507000 0.135542 0.074000
0 0.356928 0.446000 0.105422 0.068000
0 0.364458 0.409000 0.066265 0.038000
0 0.406627 0.386000 0.090361 0.044000
0 0.433735 0.359000 0.072289 0.042000
0 0.474398 0.304000 0.063253 0.032000
