0 0.913000 0.836120 0.094000 0.147157
0 0.786000 0.769231 0.080000 0.093645
0 0.710000 0.787625 0.068000 0.090301
0 0.721000 0.657191 0.058000 0.076923
0 0.620000 0.836120 0.088000 0.113712
0 0.588000 0.759197 0.072000 0.086957
0 0.618000 0.573579 0.044000 0.063545
0 0.569000 0.588629 0.042000 0.053512
1 0.489000 0.585284 0.042000 0.066890
0 0.488000 0.555184 0.032000 0.046823
0 0.544000 0.526756 0.036000 0.050167
0 0.569000 0.494983 0.030000 0.040134
0 0.516000 0.540134 0.036000 0.050167
0 0.340000 0.914716 0.108000 0.137124
0 0.363000 0.685619 0.058000 0.080268
0 0.363000 0.653846 0.054000 0.070234
0 0.187000 0.884615 0.102000 0.150502
0 0.215000 0.777592 0.078000 0.103679
0 0.257000 0.697324 0.058000 0.070234
0 0.279000 0.653846 0.058000 0.070234
1 0.296000 0.570234 0.048000 0.076923
0 0.131000 0.715719 0.062000 0.120401
0 0.154000 0.613712 0.052000 0.063545
0 0.059000 0.668896 0.058000 0.073579
