0 0.966819 0.707904 0.057208 0.075601
0 0.950801 0.616838 0.038902 0.058419
0 0.812357 0.587629 0.045767 0.054983
0 0.774600 0.549828 0.038902 0.054983
0 0.862700 0.714777 0.064073 0.082474
0 0.875286 0.957045 0.121281 0.079038
0 0.819222 0.900344 0.096110 0.116838
0 0.723112 0.939863 0.114416 0.113402
0 0.608696 0.941581 0.114416 0.116838
0 0.461098 0.970790 0.116705 0.058419
0 0.455378 0.865979 0.105263 0.130584
0 0.533181 0.816151 0.077803 0.092784
0 0.608696 0.848797 0.091533 0.096220
0 0.723112 0.836770 0.077803 0.092784
0 0.756293 0.798969 0.084668 0.106529
0 0.725400 0.754296 0.068650 0.072165
0 0.704805 0.723368 0.064073 0.072165
0 0.597254 0.749141 0.073227 0.096220
0 0.457666 0.759450 0.077803 0.082474
0 0.467963 0.711340 0.061785 0.068729
0 0.560641 0.711340 0.064073 0.075601
0 0.678490 0.695876 0.061785 0.079038
0 0.678490 0.644330 0.057208 0.058419
0 0.663616 0.608247 0.050343 0.054983
0 0.652174 0.594502 0.050343 0.061856
1 0.577803 0.647766 0.089245 0.189003
0 0.481693 0.649485 0.057208 0.109966
0 0.486270 0.585911 0.052632 0.065292
