0 0.922049 0.851145 0.146993 0.139949
0 0.482183 0.842239 0.167038 0.167939
0 0.506682 0.756997 0.131403 0.134860
0 0.402004 0.955471 0.202673 0.089059
0 0.162584 0.900763 0.173719 0.173028
0 0.104677 0.973282 0.182628 0.053435
0 0.208241 0.821883 0.158129 0.132316
0 0.326281 0.768448 0.126949 0.111959
0 0.351893 0.736641 0.102450 0.109415
0 0.380846 0.697201 0.111359 0.091603
0 0.426503 0.666667 0.100223 0.086514
0 0.557906 0.722646 0.104677 0.101781
0 0.484410 0.650127 0.064588 0.068702
0 0.033408 0.824427 0.062361 0.132316
0 0.094655 0.774809 0.135857 0.109415
0 0.184855 0.708651 0.124722 0.099237
0 0.232739 0.692112 0.082405 0.086514
0 0.195991 0.669211 0.084633 0.076336
1 0.349666 0.610687 0.120267 0.127226
0 0.569042 0.671756 0.091314 0.076336
0 0.420935 0.610687 0.040089 0.040712
0 0.968820 0.726463 0.062361 0.104326
0 0.825167 0.675573 0.091314 0.078880
0 0.839644 0.656489 0.089087 0.086514
0 0.955457 0.662850 0.084633 0.078880
0 0.807350 0.652672 0.073497 0.073791
0 0.787305 0.634860 0.073497 0.073791
0 0.903118 0.636132 0.064588 0.061069
0 0.757238 0.585242 0.048998 0.061069
0 0.779510 0.591603 0.062361 0.053435
0 0.958797 0.395674 0.082405 0.048346
0 0.953229 0.379135 0.075724 0.050891
0 0.616927 0.372774 0.080178 0.043257
