4 0.560327 0.886935 0.089980 0.190955
3 0.561350 0.924623 0.096115 0.150754
0 0.821063 0.860553 0.194274 0.178392
0 0.442740 0.819095 0.177914 0.180905
0 0.693252 0.729899 0.143149 0.133166
0 0.474438 0.668342 0.134969 0.115578
0 0.964213 0.763819 0.071575 0.150754
0 0.660532 0.586683 0.118609 0.113065
0 0.030675 0.685930 0.057260 0.155779
0 0.050102 0.425879 0.096115 0.097990
0 0.924335 0.595477 0.147239 0.216080
0 0.649284 0.501256 0.096115 0.123116
0 0.685072 0.468593 0.094070 0.097990
0 0.857873 0.482412 0.104294 0.095477
0 0.734151 0.408291 0.126789 0.113065
0 0.925358 0.417085 0.112474 0.125628
0 0.834356 0.388191 0.089980 0.072864
