4 0.453209 0.760933 0.168449 0.460641
0 0.347594 0.511662 0.144385 0.131195
0 0.786096 0.775510 0.155080 0.174927
0 0.963904 0.600583 0.072193 0.122449
0 0.951872 0.466472 0.096257 0.116618
0 0.790107 0.428571 0.104278 0.104956
0 0.589572 0.365889 0.088235 0.084548
0 0.462567 0.354227 0.090909 0.084548
0 0.276738 0.386297 0.104278 0.084548
0 0.036096 0.495627 0.066845 0.104956
0 0.076203 0.418367 0.120321 0.107872
0 0.354278 0.307580 0.093583 0.072886
0 0.778075 0.332362 0.080214 0.075802
0 0.935829 0.399417 0.090909 0.093294
0 0.919786 0.335277 0.085561 0.075802
