0 0.706667 0.626667 0.437778 0.463333
4 0.279444 0.640833 0.136667 0.595000
0 0.136667 0.629167 0.271111 0.658333
0 0.211111 0.449167 0.266667 0.298333
1 0.956111 0.378333 0.087778 0.066667
0 0.875556 0.394167 0.117778 0.061667
0 0.543333 0.465000 0.131111 0.186667
0 0.539444 0.409167 0.105556 0.148333
0 0.510000 0.398333 0.097778 0.070000
0 0.681111 0.378333 0.044444 0.036667
0 0.648889 0.375000 0.031111 0.030000
0 0.367222 0.435000 0.112222 0.136667
1 0.401667 0.384167 0.103333 0.155000
0 0.448889 0.389167 0.044444 0.061667
1 0.456111 0.360000 0.032222 0.056667
