4 0.961688 0.831776 0.076623 0.336449
0 0.037013 0.834112 0.071429 0.200935
0 0.118182 0.829439 0.093506 0.088785
1 0.228571 0.768692 0.137662 0.191589
1 0.333766 0.760514 0.148052 0.207944
0 0.720779 0.844626 0.246753 0.147196
0 0.427273 0.818925 0.072727 0.091121
0 0.525974 0.816589 0.067532 0.095794
0 0.473377 0.811916 0.050649 0.081776
0 0.550000 0.800234 0.055844 0.095794
0 0.578571 0.802570 0.029870 0.058411
0 0.598701 0.797897 0.033766 0.049065
0 0.619481 0.795561 0.020779 0.039720
0 0.629870 0.788551 0.020779 0.035047
