0 0.806584 0.966958 0.080247 0.056110
0 0.799383 0.978180 0.065844 0.043641
0 0.681070 0.943890 0.069959 0.077307
0 0.778292 0.926434 0.073045 0.077307
0 0.634774 0.884663 0.069959 0.071072
0 0.742284 0.865960 0.054527 0.048628
0 0.791152 0.846633 0.043210 0.042394
0 0.730453 0.855362 0.045267 0.049875
0 0.661523 0.845387 0.047325 0.049875
0 0.591049 0.850998 0.048354 0.058603
0 0.878601 0.817955 0.039095 0.044888
0 0.865741 0.807980 0.038066 0.044888
0 0.836420 0.796758 0.037037 0.042394
0 0.804527 0.842269 0.043210 0.051122
0 0.723251 0.846633 0.039095 0.044888
0 0.731481 0.828554 0.032922 0.031172
1 0.757202 0.781172 0.063786 0.081047
0 0.717593 0.816708 0.036008 0.042394
0 0.477366 0.898379 0.057613 0.078554
0 0.417181 0.877182 0.056584 0.061097
0 0.441872 0.844140 0.048354 0.044888
0 0.506687 0.829800 0.042181 0.048628
0 0.483539 0.807980 0.037037 0.037406
0 0.551955 0.791771 0.042181 0.034913
0 0.512860 0.771197 0.068930 0.036160
0 0.592593 0.769327 0.051440 0.029925
0 0.612654 0.762469 0.042181 0.028678
0 0.638889 0.759975 0.028807 0.026185
0 0.698560 0.801746 0.032922 0.037406
0 0.663066 0.816708 0.036008 0.037406
1 0.380658 0.766833 0.195473 0.072319
0 0.254630 0.789900 0.048354 0.031172
1 0.574588 0.698878 0.083333 0.038653
1 0.698560 0.756234 0.086420 0.046135
