0 0.964063 0.910194 0.071875 0.135922
0 0.967969 0.855583 0.064062 0.094660
0 0.912500 0.830097 0.087500 0.106796
0 0.903125 0.807039 0.084375 0.118932
0 0.973437 0.773058 0.053125 0.099515
0 0.935156 0.718447 0.129688 0.126214
4 0.871094 0.782767 0.017188 0.094660
4 0.857031 0.780340 0.020313 0.109223
4 0.839844 0.773058 0.020313 0.089806
4 0.825000 0.771845 0.015625 0.092233
0 0.884375 0.978155 0.128125 0.043689
0 0.828906 0.910194 0.104688 0.116505
0 0.805469 0.830097 0.095312 0.116505
0 0.782031 0.808252 0.085938 0.116505
0 0.801562 0.730583 0.118750 0.097087
0 0.812500 0.703883 0.068750 0.067961
0 0.754687 0.724515 0.062500 0.080097
0 0.707031 0.713592 0.079687 0.087379
0 0.842187 0.620146 0.056250 0.070388
0 0.805469 0.597087 0.045312 0.053398
0 0.777344 0.580097 0.039062 0.053398
1 0.810937 0.535194 0.056250 0.094660
0 0.756250 0.559466 0.037500 0.050971
0 0.706250 0.571602 0.040625 0.050971
0 0.650000 0.592233 0.046875 0.048544
0 0.652344 0.564320 0.042188 0.041262
0 0.649219 0.559466 0.035937 0.055825
0 0.661719 0.544903 0.051562 0.046117
1 0.690625 0.461165 0.034375 0.063107
1 0.667188 0.457524 0.034375 0.060680
0 0.739844 0.950243 0.120313 0.099515
0 0.684375 0.907767 0.103125 0.126214
0 0.671094 0.850728 0.085938 0.123786
0 0.661719 0.828883 0.085938 0.099515
0 0.660156 0.809466 0.082812 0.089806
0 0.615625 0.803398 0.078125 0.097087
0 0.628125 0.733010 0.090625 0.097087
0 0.641406 0.703883 0.073438 0.067961
0 0.624219 0.663835 0.057813 0.070388
0 0.601562 0.665049 0.050000 0.072816
0 0.600000 0.576456 0.040625 0.050971
0 0.594531 0.561893 0.042188 0.046117
4 0.597656 0.759709 0.026562 0.077670
3 0.592969 0.781553 0.057813 0.058252
0 0.556250 0.705097 0.071875 0.080097
0 0.532813 0.684466 0.056250 0.077670
0 0.523438 0.672330 0.056250 0.063107
0 0.534375 0.639563 0.050000 0.050971
1 0.532031 0.576456 0.054688 0.080097
0 0.442188 0.705097 0.065625 0.075243
0 0.457813 0.696602 0.053125 0.072816
0 0.460156 0.679612 0.051562 0.063107
0 0.459375 0.665049 0.046875 0.053398
0 0.480469 0.576456 0.039062 0.050971
0 0.488281 0.547330 0.032813 0.046117
0 0.495312 0.529126 0.031250 0.043689
1 0.538281 0.503641 0.032813 0.065534
1 0.576562 0.468447 0.021875 0.048544
0 0.363281 0.714806 0.060937 0.070388
0 0.369531 0.678398 0.060937 0.075243
0 0.392969 0.666262 0.051562 0.075243
0 0.400781 0.648058 0.048438 0.067961
0 0.411719 0.632282 0.042188 0.055825
0 0.429688 0.622573 0.031250 0.050971
1 0.285156 0.657767 0.117188 0.194175
1 0.334375 0.586165 0.068750 0.123786
4 0.260937 0.713592 0.018750 0.097087
3 0.267969 0.731796 0.032813 0.060680
4 0.194531 0.837379 0.014063 0.116505
4 0.181250 0.841019 0.018750 0.104369
4 0.165625 0.834951 0.021875 0.116505
4 0.025000 0.861650 0.034375 0.111650
2 0.025781 0.885922 0.032813 0.077670
3 0.189062 0.859223 0.053125 0.058252
4 0.796875 0.768204 0.018750 0.084951
4 0.817187 0.774272 0.015625 0.082524
0 0.753125 0.699029 0.056250 0.072816
0 0.470313 0.649272 0.046875 0.075243
