4 0.653750 0.691406 0.140000 0.488281
4 0.533750 0.602539 0.207500 0.748047
0 0.600625 0.723633 0.073750 0.111328
0 0.261875 0.823242 0.096250 0.154297
0 0.429375 0.609375 0.063750 0.082031
0 0.209375 0.650391 0.068750 0.093750
0 0.228750 0.574219 0.060000 0.074219
0 0.293125 0.486328 0.041250 0.062500
0 0.196875 0.431641 0.033750 0.042969
0 0.282500 0.425781 0.032500 0.046875
0 0.178750 0.395508 0.035000 0.048828
0 0.288125 0.390625 0.036250 0.042969
0 0.323125 0.403320 0.038750 0.044922
0 0.350000 0.383789 0.027500 0.041016
0 0.373750 0.404297 0.035000 0.039062
0 0.429375 0.452148 0.041250 0.052734
1 0.239375 0.332031 0.036250 0.070312
1 0.218125 0.295898 0.026250 0.052734
