0 0.913018 0.804147 0.084101 0.059908
0 0.831221 0.814900 0.088710 0.062980
0 0.759793 0.795699 0.051843 0.039939
0 0.579493 0.831797 0.158986 0.109063
0 0.674539 0.786482 0.031106 0.027650
1 0.639401 0.778802 0.043779 0.046083
0 0.619816 0.778802 0.016129 0.018433
1 0.546083 0.774962 0.032258 0.029186
0 0.521889 0.787250 0.050691 0.041475
0 0.466014 0.776498 0.028802 0.032258
0 0.416475 0.780338 0.031106 0.030722
0 0.378456 0.775730 0.024194 0.030722
0 0.359447 0.792627 0.050691 0.046083
0 0.254608 0.794163 0.073733 0.061444
0 0.091014 0.829493 0.179724 0.147465
0 0.046659 0.805684 0.091014 0.078341
