4 0.791000 0.637879 0.098000 0.621212
0 0.851000 0.468182 0.290000 0.409091
0 0.768000 0.460606 0.204000 0.272727
0 0.744000 0.421212 0.180000 0.248485
0 0.711000 0.375758 0.162000 0.254545
0 0.695000 0.343939 0.154000 0.233333
0 0.678000 0.309091 0.124000 0.187879
0 0.667000 0.283333 0.146000 0.148485
1 0.637000 0.187879 0.166000 0.260606
0 0.790000 0.207576 0.108000 0.142424
0 0.812000 0.272727 0.108000 0.181818
0 0.832000 0.289394 0.120000 0.196970
0 0.869000 0.301515 0.134000 0.209091
0 0.900000 0.310606 0.132000 0.190909
0 0.944000 0.310606 0.112000 0.263636
0 0.977000 0.404545 0.046000 0.269697
0 0.296000 0.616667 0.368000 0.427273
0 0.380000 0.471212 0.268000 0.354545
0 0.443000 0.368182 0.162000 0.209091
0 0.481000 0.330303 0.142000 0.169697
0 0.480000 0.289394 0.132000 0.130303
0 0.486000 0.250000 0.104000 0.112121
0 0.150000 0.383333 0.192000 0.239394
0 0.244000 0.334848 0.140000 0.172727
0 0.265000 0.283333 0.110000 0.106061
0 0.350000 0.257576 0.092000 0.115152
0 0.366000 0.234848 0.096000 0.124242
0 0.034000 0.318182 0.064000 0.193939
0 0.077000 0.295455 0.106000 0.160606
0 0.162000 0.277273 0.084000 0.112121
1 0.206000 0.231818 0.068000 0.112121
