0 0.717969 0.545833 0.060937 0.075000
0 0.435937 0.680556 0.090625 0.150000
0 0.403906 0.526389 0.051562 0.075000
0 0.475000 0.430556 0.031250 0.044444
0 0.468750 0.390278 0.025000 0.030556
0 0.324219 0.523611 0.054688 0.075000
0 0.246094 0.529167 0.054688 0.069444
0 0.234375 0.473611 0.050000 0.069444
0 0.304688 0.501389 0.053125 0.063889
0 0.378906 0.487500 0.045312 0.063889
0 0.358594 0.454167 0.045312 0.069444
0 0.346875 0.445833 0.034375 0.052778
0 0.297656 0.459722 0.048438 0.052778
0 0.350781 0.425000 0.035937 0.050000
0 0.332031 0.422222 0.026562 0.044444
0 0.317188 0.386111 0.025000 0.027778
0 0.241406 0.405556 0.029687 0.038889
0 0.417187 0.341667 0.021875 0.027778
