0 0.893214 0.829854 0.213573 0.231733
0 0.587824 0.870564 0.377246 0.258873
4 0.345309 0.826722 0.055888 0.108559
3 0.342315 0.850731 0.061876 0.106472
0 0.797405 0.788100 0.145709 0.098121
4 0.727545 0.775574 0.025948 0.064718
0 0.408184 0.800626 0.113772 0.098121
0 0.228543 0.817328 0.109780 0.064718
0 0.290419 0.805846 0.077844 0.062630
0 0.058882 0.853862 0.113772 0.087683
0 0.130739 0.822547 0.065868 0.066806
0 0.026946 0.818372 0.049900 0.062630
0 0.033932 0.832985 0.059880 0.070981
0 0.139721 0.799582 0.047904 0.054280
1 0.057884 0.772443 0.067864 0.070981
