0 0.644531 0.881620 0.095312 0.211838
0 0.642188 0.752336 0.078125 0.140187
0 0.594531 0.672897 0.070312 0.093458
0 0.516406 0.797508 0.085938 0.155763
0 0.396875 0.890966 0.093750 0.155763
0 0.316406 0.953271 0.110937 0.093458
0 0.131250 0.948598 0.115625 0.102804
0 0.178125 0.895639 0.096875 0.190031
0 0.049219 0.862928 0.095312 0.130841
0 0.252344 0.757009 0.073438 0.118380
0 0.396094 0.755452 0.076563 0.109034
0 0.389062 0.693146 0.062500 0.096573
0 0.417969 0.663551 0.064062 0.093458
0 0.385156 0.607477 0.060937 0.087227
0 0.245312 0.574766 0.056250 0.090343
0 0.508594 0.616822 0.057813 0.093458
0 0.572656 0.557632 0.051562 0.074766
0 0.489844 0.538941 0.051562 0.087227
0 0.420312 0.554517 0.050000 0.080997
0 0.354687 0.515576 0.043750 0.071651
0 0.426563 0.503115 0.043750 0.065421
0 0.407031 0.457944 0.035937 0.056075
0 0.346094 0.467290 0.035937 0.074766
0 0.528125 0.461059 0.037500 0.062305
0 0.464062 0.436137 0.034375 0.068536
0 0.503906 0.428349 0.029687 0.046729
0 0.439844 0.404984 0.035937 0.056075
0 0.393750 0.406542 0.031250 0.059190
0 0.367969 0.383178 0.023438 0.043614
0 0.327344 0.386293 0.023438 0.037383
0 0.886719 0.785047 0.073438 0.137072
0 0.945312 0.719626 0.062500 0.118380
0 0.831250 0.677570 0.062500 0.115265
0 0.959375 0.605919 0.062500 0.102804
0 0.782031 0.616822 0.048438 0.093458
0 0.900781 0.562305 0.048438 0.071651
0 0.799219 0.542056 0.054688 0.074766
0 0.683594 0.510903 0.045312 0.093458
0 0.744531 0.504673 0.045312 0.087227
0 0.781250 0.467290 0.031250 0.062305
0 0.865625 0.479751 0.040625 0.087227
1 0.936719 0.489097 0.085938 0.149533
0 0.737500 0.400312 0.025000 0.059190
0 0.632812 0.420561 0.031250 0.049844
0 0.585156 0.417445 0.026562 0.049844
