0 0.781250 0.976562 0.079167 0.046875
0 0.702083 0.928125 0.062500 0.081250
0 0.687500 0.881250 0.054167 0.062500
0 0.650000 0.826562 0.050000 0.053125
0 0.628125 0.768750 0.039583 0.043750
0 0.608333 0.931250 0.066667 0.100000
0 0.582292 0.895312 0.060417 0.084375
0 0.582292 0.850000 0.052083 0.056250
0 0.576042 0.807813 0.043750 0.046875
0 0.561458 0.762500 0.039583 0.056250
0 0.530208 0.715625 0.027083 0.043750
0 0.500000 0.960938 0.075000 0.078125
0 0.504167 0.873437 0.054167 0.071875
0 0.505208 0.792188 0.043750 0.059375
1 0.168750 0.965625 0.079167 0.068750
0 0.297917 0.860938 0.058333 0.065625
0 0.389583 0.832812 0.054167 0.065625
0 0.269792 0.812500 0.043750 0.056250
0 0.345833 0.793750 0.041667 0.050000
0 0.336458 0.765625 0.043750 0.056250
0 0.122917 0.751563 0.037500 0.040625
