0 0.524740 0.954829 0.179688 0.090343
0 0.210938 0.939252 0.213542 0.121495
0 0.569010 0.788162 0.138021 0.124611
0 0.428385 0.710280 0.111979 0.161994
0 0.526042 0.700935 0.098958 0.093458
1 0.377604 0.618380 0.130208 0.146417
0 0.636719 0.644860 0.085938 0.099688
0 0.527344 0.632399 0.075521 0.074766
0 0.559896 0.623053 0.057292 0.068536
0 0.959635 0.862928 0.080729 0.161994
0 0.954427 0.797508 0.091146 0.149533
0 0.942708 0.771028 0.098958 0.127726
0 0.933594 0.747664 0.111979 0.124611
0 0.920573 0.708723 0.096354 0.090343
0 0.877604 0.688474 0.093750 0.105919
0 0.834635 0.621495 0.065104 0.077882
0 0.809896 0.580997 0.062500 0.084112
0 0.970052 0.623053 0.059896 0.080997
0 0.908854 0.605919 0.057292 0.052960
0 0.940104 0.619938 0.057292 0.068536
0 0.019531 0.436137 0.033854 0.074766
