0 0.014744 0.884966 0.026923 0.047836
0 0.044231 0.879271 0.021795 0.036446
0 0.084615 0.875854 0.025641 0.034169
0 0.077564 0.881549 0.021795 0.027335
0 0.164744 0.927107 0.106410 0.145786
0 0.241026 0.898633 0.069231 0.107062
0 0.351923 0.899772 0.062821 0.095672
0 0.317308 0.891800 0.029487 0.043280
0 0.415385 0.894077 0.035897 0.047836
0 0.455769 0.889522 0.024359 0.043280
1 0.532692 0.883827 0.047436 0.082005
1 0.441026 0.863326 0.023077 0.054670
1 0.977564 0.892938 0.044872 0.150342
0 0.929487 0.905467 0.056410 0.079727
0 0.887821 0.917995 0.067949 0.082005
0 0.848077 0.889522 0.062821 0.075171
0 0.782051 0.884966 0.043590 0.056948
1 0.784615 0.840547 0.048718 0.082005
0 0.801923 0.874715 0.032051 0.050114
0 0.736538 0.867882 0.037179 0.050114
0 0.723077 0.850797 0.030769 0.047836
1 0.741026 0.792711 0.038462 0.077449
0 0.700000 0.832574 0.030769 0.038724
0 0.682051 0.812073 0.023077 0.034169
0 0.691667 0.799544 0.026923 0.045558
