0 0.232394 0.696875 0.246479 0.260417
0 0.374413 0.593750 0.110329 0.154167
0 0.232981 0.507292 0.055164 0.089583
0 0.825117 0.582292 0.117371 0.139583
0 0.957746 0.551042 0.084507 0.102083
0 0.901408 0.556250 0.084507 0.075000
4 0.736502 0.535417 0.012911 0.062500
0 0.653756 0.511458 0.044601 0.068750
0 0.637324 0.484375 0.030516 0.039583
0 0.491784 0.479167 0.028169 0.045833
0 0.504108 0.447917 0.022300 0.033333
0 0.508803 0.422917 0.019953 0.029167
0 0.595070 0.422917 0.016432 0.025000
0 0.620892 0.410417 0.023474 0.020833
