0 0.859155 0.769792 0.281690 0.406250
0 0.511737 0.581250 0.098592 0.133333
0 0.757629 0.511458 0.048122 0.056250
0 0.668427 0.504167 0.034038 0.037500
0 0.653756 0.490625 0.023474 0.031250
0 0.624413 0.489583 0.021127 0.029167
0 0.605634 0.489583 0.014085 0.016667
0 0.580986 0.495833 0.028169 0.045833
0 0.565141 0.485417 0.017606 0.029167
0 0.542254 0.494792 0.023474 0.035417
1 0.524648 0.470833 0.016432 0.041667
4 0.440141 0.486458 0.009390 0.043750
4 0.121479 0.555208 0.038732 0.164583
4 0.085681 0.545833 0.039906 0.179167
