1 0.781690 0.934375 0.232394 0.131250
0 0.494718 0.837500 0.036385 0.041667
0 0.615610 0.833333 0.034038 0.041667
0 0.702465 0.813542 0.026995 0.031250
0 0.744131 0.787500 0.021127 0.029167
1 0.730634 0.759375 0.029343 0.064583
0 0.761737 0.772917 0.025822 0.037500
0 0.698944 0.769792 0.019953 0.031250
0 0.649648 0.763542 0.019953 0.027083
0 0.627934 0.760417 0.018779 0.020833
0 0.639671 0.795833 0.028169 0.029167
0 0.552817 0.795833 0.028169 0.033333
0 0.472418 0.792708 0.034038 0.043750
0 0.417840 0.793750 0.030516 0.037500
0 0.316901 0.796875 0.035211 0.035417
0 0.234742 0.797917 0.039906 0.045833
0 0.140258 0.793750 0.041080 0.050000
1 0.585681 0.716667 0.028169 0.050000
0 0.534038 0.719792 0.018779 0.022917
