0 0.468382 0.904450 0.125000 0.180628
0 0.216912 0.893979 0.122059 0.164921
0 0.289706 0.770942 0.108824 0.154450
0 0.270588 0.712042 0.094118 0.141361
0 0.463235 0.696335 0.091176 0.141361
0 0.340441 0.621728 0.075000 0.107330
0 0.630882 0.575916 0.067647 0.099476
0 0.596324 0.493455 0.051471 0.075916
0 0.486029 0.456806 0.060294 0.128272
0 0.408088 0.382199 0.042647 0.062827
0 0.201471 0.413613 0.041176 0.062827
0 0.150000 0.467277 0.064706 0.107330
0 0.088235 0.531414 0.067647 0.083770
0 0.024265 0.484293 0.045588 0.089005
1 0.100000 0.353403 0.082353 0.214660
