0 0.777222 0.908602 0.165556 0.169892
0 0.821111 0.774194 0.142222 0.215054
0 0.820000 0.649462 0.117778 0.159140
0 0.803889 0.539785 0.114444 0.180645
0 0.865000 0.489247 0.094444 0.169892
1 0.860556 0.416129 0.085556 0.113978
0 0.877778 0.351613 0.073333 0.118280
0 0.895000 0.281720 0.072222 0.150538
0 0.886111 0.230108 0.056667 0.103226
0 0.901667 0.158065 0.063333 0.118280
0 0.917222 0.123656 0.052222 0.105376
0 0.915556 0.092473 0.053333 0.077419
0 0.928333 0.066667 0.043333 0.077419
0 0.936111 0.026882 0.045556 0.049462
0 0.467778 0.960215 0.144444 0.079570
0 0.543889 0.877419 0.156667 0.236559
0 0.648333 0.686022 0.134444 0.240860
0 0.635000 0.603226 0.103333 0.182796
0 0.698333 0.480645 0.098889 0.148387
0 0.733889 0.396774 0.096667 0.165591
0 0.762778 0.341935 0.076667 0.120430
0 0.775556 0.272043 0.071111 0.105376
0 0.789444 0.219355 0.067778 0.116129
0 0.812778 0.167742 0.058889 0.098925
0 0.827222 0.132258 0.047778 0.088172
0 0.830556 0.091398 0.052222 0.079570
0 0.839444 0.075269 0.043333 0.073118
0 0.844444 0.058065 0.042222 0.077419
0 0.864444 0.037634 0.037778 0.066667
0 0.215000 0.922581 0.170000 0.154839
0 0.376667 0.729032 0.140000 0.210753
0 0.487778 0.581720 0.111111 0.182796
0 0.542778 0.483871 0.094444 0.154839
0 0.586111 0.380645 0.085556 0.133333
0 0.616667 0.326882 0.077778 0.120430
0 0.658333 0.266667 0.072222 0.129032
0 0.696111 0.208602 0.063333 0.094624
0 0.710000 0.151613 0.053333 0.088172
0 0.742222 0.117204 0.055556 0.083871
0 0.760000 0.092473 0.048889 0.077419
0 0.763889 0.062366 0.045556 0.077419
0 0.770000 0.037634 0.051111 0.070968
0 0.797778 0.032258 0.035556 0.060215
0 0.130000 0.553763 0.104444 0.161290
0 0.088333 0.490323 0.094444 0.133333
0 0.076111 0.407527 0.092222 0.135484
0 0.266667 0.475269 0.082222 0.116129
0 0.248333 0.412903 0.078889 0.116129
0 0.336111 0.332258 0.067778 0.109677
0 0.279444 0.269892 0.050000 0.092473
0 0.323333 0.256989 0.046667 0.070968
0 0.369444 0.262366 0.054444 0.073118
0 0.414444 0.272043 0.040000 0.062366
0 0.427222 0.158065 0.063333 0.058065
4 0.013333 0.324731 0.020000 0.111828
4 0.179444 0.267742 0.016667 0.083871
4 0.158333 0.267742 0.012222 0.079570
