1 0.719000 0.635350 0.174000 0.226115
0 0.650000 0.863057 0.112000 0.121019
0 0.608000 0.691083 0.080000 0.095541
0 0.506000 0.705414 0.080000 0.092357
0 0.474000 0.576433 0.052000 0.063694
1 0.521000 0.442675 0.050000 0.082803
1 0.466000 0.441083 0.056000 0.085987
1 0.450000 0.420382 0.044000 0.082803
1 0.446000 0.404459 0.040000 0.076433
0 0.384000 0.409236 0.020000 0.028662
0 0.397000 0.428344 0.022000 0.028662
0 0.365000 0.437898 0.026000 0.041401
0 0.382000 0.458599 0.028000 0.038217
0 0.391000 0.474522 0.034000 0.044586
0 0.039000 0.918790 0.074000 0.162420
0 0.217000 0.859873 0.118000 0.171975
0 0.094000 0.695860 0.084000 0.098726
0 0.179000 0.592357 0.058000 0.070064
0 0.242000 0.648089 0.068000 0.085987
0 0.342000 0.633758 0.064000 0.076433
0 0.341000 0.581210 0.058000 0.073248
0 0.261000 0.539809 0.042000 0.054140
0 0.169000 0.546178 0.046000 0.073248
1 0.058000 0.550955 0.104000 0.152866
0 0.189000 0.525478 0.038000 0.057325
0 0.242000 0.504777 0.044000 0.066879
0 0.257000 0.490446 0.034000 0.050955
0 0.255000 0.469745 0.034000 0.047771
0 0.322000 0.469745 0.036000 0.041401
0 0.285000 0.445860 0.034000 0.038217
0 0.234000 0.442675 0.028000 0.031847
1 0.174000 0.452229 0.060000 0.089172
1 0.202000 0.393312 0.036000 0.054140
0 0.239000 0.407643 0.026000 0.038217
