0 0.849754 0.809722 0.147783 0.169444
0 0.954433 0.643056 0.091133 0.091667
0 0.493842 0.900000 0.155172 0.188889
0 0.206897 0.884722 0.216749 0.208333
0 0.465517 0.715278 0.118227 0.130556
0 0.317734 0.693056 0.103448 0.125000
1 0.415025 0.570833 0.169951 0.186111
1 0.105911 0.736111 0.206897 0.283333
1 0.039409 0.876389 0.073892 0.247222
0 0.250000 0.547222 0.091133 0.088889
0 0.168719 0.545833 0.100985 0.097222
0 0.072660 0.558333 0.115764 0.072222
0 0.274631 0.495833 0.076355 0.058333
0 0.185961 0.497222 0.071429 0.050000
0 0.646552 0.565278 0.096059 0.091667
0 0.788177 0.587500 0.088670 0.086111
0 0.529557 0.541667 0.068966 0.066667
0 0.517241 0.502778 0.049261 0.050000
0 0.610837 0.526389 0.054187 0.063889
0 0.497537 0.472222 0.054187 0.050000
0 0.605911 0.484722 0.049261 0.041667
0 0.346059 0.466667 0.061576 0.044444
0 0.322660 0.451389 0.054187 0.041667
0 0.439655 0.447222 0.046798 0.038889
0 0.386700 0.423611 0.044335 0.036111
0 0.438424 0.418056 0.039409 0.030556
0 0.476601 0.420833 0.041872 0.030556
0 0.497537 0.441667 0.039409 0.033333
0 0.437192 0.388889 0.032020 0.022222
0 0.486453 0.381944 0.027094 0.019444
0 0.513547 0.397222 0.032020 0.033333
1 0.413793 0.373611 0.059113 0.047222
0 0.592365 0.448611 0.036946 0.041667
0 0.620690 0.416667 0.034483 0.033333
0 0.931034 0.541667 0.137931 0.066667
0 0.799261 0.531944 0.076355 0.063889
0 0.751232 0.456944 0.044335 0.047222
0 0.732759 0.393056 0.022167 0.025000
1 0.878079 0.404167 0.066502 0.069444
0 0.979064 0.501389 0.041872 0.052778
