1 0.914000 0.657895 0.136000 0.256140
1 0.828000 0.471930 0.064000 0.122807
0 0.883000 0.443860 0.038000 0.066667
1 0.761000 0.356140 0.054000 0.108772
1 0.820000 0.342105 0.064000 0.101754
0 0.791000 0.952632 0.134000 0.094737
0 0.764000 0.896491 0.116000 0.157895
0 0.757000 0.761404 0.106000 0.133333
0 0.743000 0.675439 0.086000 0.101754
0 0.728000 0.650877 0.072000 0.101754
0 0.700000 0.542105 0.068000 0.087719
0 0.741000 0.526316 0.058000 0.084211
0 0.689000 0.503509 0.046000 0.059649
0 0.732000 0.477193 0.056000 0.070175
0 0.744000 0.440351 0.048000 0.059649
0 0.652000 0.482456 0.056000 0.087719
0 0.676000 0.438596 0.044000 0.056140
0 0.676000 0.400000 0.040000 0.049123
0 0.712000 0.400000 0.040000 0.049123
0 0.702000 0.377193 0.040000 0.052632
0 0.662000 0.371930 0.036000 0.042105
0 0.638000 0.356140 0.028000 0.045614
0 0.645000 0.343860 0.030000 0.042105
0 0.630000 0.338596 0.036000 0.052632
0 0.589000 0.391228 0.034000 0.052632
0 0.616000 0.403509 0.040000 0.056140
0 0.614000 0.428070 0.040000 0.049123
0 0.615000 0.449123 0.046000 0.056140
0 0.579000 0.454386 0.038000 0.052632
0 0.580000 0.482456 0.052000 0.066667
0 0.537000 0.426316 0.042000 0.066667
0 0.560000 0.498246 0.052000 0.070175
0 0.526000 0.526316 0.060000 0.077193
0 0.604000 0.543860 0.064000 0.084211
0 0.589000 0.592982 0.070000 0.091228
0 0.510000 0.568421 0.064000 0.091228
0 0.459000 0.624561 0.074000 0.133333
0 0.425000 0.675439 0.082000 0.115789
0 0.541000 0.703509 0.090000 0.115789
0 0.547000 0.749123 0.098000 0.143860
0 0.572000 0.822807 0.112000 0.143860
0 0.509000 0.924561 0.118000 0.150877
0 0.386000 0.871930 0.112000 0.150877
0 0.290000 0.912281 0.140000 0.175439
0 0.049000 0.794737 0.094000 0.143860
0 0.079000 0.731579 0.110000 0.129825
0 0.125000 0.698246 0.102000 0.126316
0 0.167000 0.656140 0.082000 0.112281
0 0.212000 0.622807 0.076000 0.108772
0 0.291000 0.529825 0.070000 0.091228
0 0.326000 0.508772 0.056000 0.098246
0 0.349000 0.480702 0.042000 0.070175
0 0.397000 0.429825 0.046000 0.073684
0 0.413000 0.398246 0.038000 0.059649
0 0.441000 0.370175 0.030000 0.059649
0 0.454000 0.349123 0.036000 0.052632
0 0.026000 0.666667 0.048000 0.119298
0 0.070000 0.619298 0.080000 0.101754
0 0.114000 0.596491 0.068000 0.084211
0 0.173000 0.566667 0.070000 0.094737
0 0.191000 0.535088 0.058000 0.087719
0 0.238000 0.514035 0.068000 0.080702
0 0.281000 0.468421 0.050000 0.066667
0 0.231000 0.456140 0.058000 0.063158
0 0.325000 0.424561 0.050000 0.063158
0 0.281000 0.385965 0.042000 0.056140
0 0.338000 0.394737 0.048000 0.059649
0 0.383000 0.375439 0.034000 0.063158
0 0.399000 0.352632 0.038000 0.045614
1 0.353000 0.314035 0.066000 0.094737
0 0.017000 0.570175 0.030000 0.080702
0 0.041000 0.543860 0.062000 0.077193
0 0.094000 0.542105 0.068000 0.094737
0 0.184000 0.382456 0.052000 0.049123
0 0.254000 0.356140 0.036000 0.038596
1 0.156000 0.324561 0.032000 0.059649
