0 0.238854 0.878092 0.159236 0.137809
0 0.718949 0.907244 0.167197 0.150177
0 0.929936 0.870141 0.136943 0.132509
0 0.675955 0.787102 0.116242 0.132509
0 0.793790 0.720848 0.109873 0.109541
0 0.644904 0.729682 0.111465 0.098940
0 0.563694 0.674028 0.098726 0.086572
0 0.609873 0.637809 0.089172 0.084806
0 0.752389 0.637809 0.087580 0.109541
0 0.699045 0.620141 0.073248 0.081272
0 0.556529 0.605124 0.074841 0.075972
0 0.686306 0.584806 0.098726 0.081272
0 0.290605 0.577739 0.078025 0.084806
0 0.290605 0.553004 0.071656 0.081272
0 0.542994 0.560954 0.073248 0.065371
0 0.047771 0.490283 0.092357 0.061837
0 0.145701 0.459364 0.065287 0.060071
0 0.925159 0.969965 0.140127 0.060071
1 0.411624 0.563604 0.100318 0.148410
0 0.515127 0.538869 0.062102 0.060071
0 0.530255 0.546820 0.076433 0.068905
0 0.390127 0.520318 0.073248 0.100707
