0 0.937215 0.933243 0.125571 0.133515
0 0.831050 0.713896 0.127854 0.108992
0 0.950913 0.667575 0.098174 0.098093
0 0.884703 0.621253 0.093607 0.087193
0 0.746575 0.576294 0.068493 0.062670
0 0.872146 0.577657 0.073059 0.065395
0 0.971461 0.561308 0.057078 0.076294
0 0.939498 0.555858 0.052511 0.059946
0 0.850457 0.564033 0.066210 0.065395
0 0.757991 0.558583 0.068493 0.070845
0 0.727169 0.555858 0.052511 0.059946
0 0.808219 0.542234 0.054795 0.049046
0 0.894977 0.529973 0.045662 0.046322
0 0.714612 0.540872 0.054795 0.062670
0 0.792237 0.520436 0.050228 0.049046
0 0.835616 0.506812 0.036530 0.038147
0 0.373288 0.952316 0.221461 0.095368
0 0.179224 0.892371 0.171233 0.182561
0 0.413242 0.846049 0.164384 0.149864
0 0.229452 0.760218 0.139269 0.141689
0 0.050228 0.743869 0.095890 0.147139
0 0.026256 0.682561 0.047945 0.089918
0 0.098174 0.693460 0.105023 0.106267
0 0.474886 0.708447 0.141553 0.125341
0 0.260274 0.692098 0.123288 0.114441
0 0.175799 0.653951 0.095890 0.087193
0 0.353881 0.648501 0.100457 0.092643
0 0.242009 0.600817 0.100457 0.079019
0 0.283105 0.587193 0.059361 0.073569
0 0.257991 0.566757 0.063927 0.070845
0 0.375571 0.619891 0.084475 0.084469
0 0.497717 0.634877 0.105023 0.103542
0 0.394977 0.592643 0.082192 0.073569
1 0.374429 0.520436 0.095890 0.108992
0 0.436073 0.566757 0.077626 0.081744
0 0.534247 0.610354 0.073059 0.081744
0 0.546804 0.568120 0.075342 0.057221
0 0.472603 0.546322 0.063927 0.068120
0 0.571918 0.523161 0.052511 0.054496
0 0.690639 0.500000 0.038813 0.057221
0 0.731735 0.420981 0.038813 0.035422
0 0.675799 0.426431 0.036530 0.035422
0 0.558219 0.414169 0.029680 0.038147
0 0.853881 0.344687 0.068493 0.040872
