4 0.815455 0.373512 0.012727 0.050595
4 0.830000 0.361607 0.012727 0.050595
0 0.772727 0.328869 0.036364 0.044643
0 0.842727 0.309524 0.034545 0.047619
0 0.698182 0.276786 0.025455 0.029762
0 0.631818 0.230655 0.020000 0.020833
4 0.615455 0.254464 0.009091 0.032738
0 0.553636 0.230655 0.016364 0.026786
0 0.529091 0.897321 0.112727 0.205357
0 0.537273 0.741071 0.107273 0.190476
0 0.513636 0.671131 0.074545 0.145833
0 0.509091 0.578869 0.069091 0.104167
0 0.508182 0.511905 0.060000 0.083333
0 0.508182 0.479167 0.056364 0.077381
0 0.482727 0.324405 0.030909 0.041667
0 0.477273 0.239583 0.020000 0.026786
0 0.446364 0.239583 0.020000 0.020833
0 0.449091 0.281250 0.021818 0.032738
0 0.437273 0.391369 0.038182 0.056548
1 0.333636 0.785714 0.216364 0.428571
0 0.413636 0.590774 0.060000 0.104167
0 0.411818 0.531250 0.063636 0.086310
0 0.422727 0.483631 0.056364 0.080357
0 0.432727 0.441964 0.050909 0.068452
0 0.196364 0.825893 0.116364 0.223214
0 0.268182 0.650298 0.074545 0.157738
0 0.334545 0.507440 0.061818 0.116071
0 0.380909 0.400298 0.041818 0.056548
0 0.407273 0.376488 0.032727 0.050595
0 0.173636 0.437500 0.034545 0.059524
0 0.327273 0.336310 0.029091 0.053571
0 0.379091 0.258929 0.034545 0.035714
4 0.391818 0.303571 0.009091 0.029762
4 0.364545 0.352679 0.012727 0.038690
