0 0.761824 0.913000 0.125000 0.174000
0 0.916667 0.478000 0.045045 0.096000
0 0.789414 0.410000 0.040541 0.056000
0 0.815878 0.380000 0.014640 0.044000
3 0.816441 0.387000 0.015766 0.042000
4 0.815315 0.338000 0.011261 0.032000
4 0.813626 0.337000 0.010135 0.038000
3 0.815878 0.349000 0.012387 0.022000
0 0.832207 0.248000 0.020270 0.028000
0 0.790541 0.254000 0.015766 0.028000
0 0.779279 0.337000 0.029279 0.042000
0 0.748874 0.326000 0.024775 0.048000
0 0.731419 0.383000 0.037162 0.054000
0 0.711149 0.433000 0.041667 0.082000
0 0.682432 0.607000 0.081081 0.114000
0 0.605293 0.725000 0.095721 0.142000
0 0.297297 0.508000 0.072072 0.084000
0 0.182432 0.506000 0.065315 0.084000
0 0.264640 0.406000 0.047297 0.060000
0 0.250563 0.324000 0.030405 0.044000
0 0.215653 0.312000 0.037162 0.040000
