0 0.979557 0.988610 0.037479 0.022779
0 0.945486 0.894077 0.109029 0.116173
0 0.826235 0.978360 0.139693 0.043280
0 0.779387 0.899772 0.097104 0.113895
0 0.578365 0.971526 0.148211 0.056948
0 0.626917 0.941913 0.112436 0.116173
0 0.622658 0.872437 0.107325 0.113895
0 0.568143 0.782460 0.083475 0.084282
0 0.728279 0.760820 0.093697 0.091116
0 0.860307 0.751708 0.085179 0.095672
0 0.988927 0.734624 0.022147 0.075171
0 0.952300 0.706150 0.085179 0.086560
0 0.914821 0.676538 0.074957 0.068337
0 0.868825 0.646925 0.074957 0.072893
0 0.987223 0.626424 0.025554 0.059226
0 0.959114 0.602506 0.054514 0.056948
0 0.901193 0.604784 0.074957 0.070615
0 0.813458 0.608200 0.066440 0.072893
0 0.749574 0.587699 0.061329 0.054670
0 0.815162 0.577449 0.063032 0.052392
0 0.916525 0.574032 0.047700 0.054670
0 0.880750 0.560364 0.057922 0.054670
0 0.771721 0.555809 0.047700 0.045558
0 0.703578 0.564920 0.054514 0.054670
0 0.665247 0.537585 0.052811 0.054670
0 0.680579 0.523918 0.042589 0.050114
0 0.707836 0.513667 0.035775 0.043280
0 0.738501 0.533030 0.042589 0.054670
0 0.766610 0.529613 0.044293 0.047836
0 0.635434 0.515945 0.037479 0.043280
0 0.588586 0.515945 0.042589 0.038724
0 0.603918 0.509112 0.039182 0.038724
1 0.622658 0.479499 0.063032 0.075171
0 0.557070 0.501139 0.027257 0.031891
0 0.500852 0.495444 0.023850 0.020501
0 0.557922 0.709567 0.080068 0.102506
0 0.620954 0.686788 0.076661 0.079727
0 0.627768 0.664009 0.066440 0.075171
0 0.651618 0.608200 0.063032 0.063781
0 0.581772 0.625285 0.066440 0.066059
0 0.497445 0.654897 0.071550 0.079727
0 0.465077 0.613895 0.061329 0.061503
0 0.533220 0.589977 0.054514 0.059226
0 0.603918 0.577449 0.056218 0.061503
0 0.563884 0.554670 0.051107 0.052392
0 0.515332 0.561503 0.059625 0.070615
0 0.484668 0.553531 0.039182 0.050114
0 0.437819 0.582005 0.054514 0.056948
0 0.426746 0.554670 0.056218 0.075171
0 0.401193 0.546697 0.039182 0.050114
0 0.385009 0.539863 0.030664 0.041002
0 0.383305 0.533030 0.040886 0.045558
0 0.457411 0.526196 0.039182 0.063781
1 0.448893 0.500000 0.032368 0.052392
0 0.355196 0.519362 0.039182 0.045558
0 0.339864 0.510251 0.035775 0.045558
0 0.314310 0.514806 0.025554 0.031891
1 0.268313 0.903189 0.182283 0.193622
0 0.077513 0.963554 0.151618 0.072893
4 0.012777 0.970387 0.022147 0.059226
4 0.020443 0.956720 0.027257 0.086560
0 0.053663 0.943052 0.103918 0.109339
0 0.078365 0.896355 0.088586 0.093394
0 0.153322 0.948747 0.078365 0.102506
0 0.153322 0.969248 0.078365 0.061503
0 0.159284 0.932802 0.103918 0.107062
0 0.206133 0.855353 0.068143 0.084282
0 0.198467 0.823462 0.066440 0.075171
0 0.258092 0.802961 0.059625 0.070615
0 0.304089 0.821185 0.056218 0.061503
4 0.064736 0.815490 0.023850 0.082005
4 0.066440 0.780182 0.013629 0.070615
0 0.089438 0.792711 0.059625 0.063781
4 0.125213 0.822323 0.018739 0.077449
4 0.151618 0.818907 0.020443 0.075171
4 0.181431 0.806378 0.022147 0.068337
0 0.128620 0.808656 0.059625 0.072893
0 0.119250 0.805239 0.054514 0.070615
0 0.185690 0.722096 0.051107 0.045558
0 0.183986 0.700456 0.044293 0.047836
0 0.166099 0.689066 0.045997 0.052392
1 0.167802 0.664009 0.042589 0.056948
1 0.150767 0.624146 0.032368 0.054670
1 0.073254 0.666287 0.061329 0.097950
0 0.111584 0.637813 0.032368 0.036446
0 0.106474 0.703872 0.045997 0.050114
4 0.037479 0.710706 0.017036 0.054670
0 0.248722 0.785877 0.064736 0.072893
0 0.265758 0.764237 0.051107 0.052392
1 0.267462 0.725513 0.068143 0.102506
0 0.195060 0.629841 0.028961 0.029613
0 0.187394 0.619590 0.023850 0.027335
0 0.017888 0.864465 0.032368 0.056948
0 0.024702 0.831435 0.045997 0.068337
0 0.035775 0.809795 0.054514 0.079727
0 0.038330 0.785877 0.059625 0.068337
1 0.103918 0.753986 0.054514 0.045558
0 0.165247 0.771071 0.068143 0.043280
0 0.189097 0.756264 0.061329 0.063781
