0 0.516129 0.741874 0.139785 0.221797
0 0.639785 0.491396 0.083871 0.130019
0 0.498387 0.371893 0.067742 0.093690
0 0.369892 0.453155 0.083871 0.149140
0 0.202688 0.556405 0.095699 0.133843
0 0.248925 0.407266 0.074194 0.114723
0 0.387097 0.304015 0.060215 0.126195
0 0.374194 0.260038 0.051613 0.080306
0 0.354839 0.232314 0.045161 0.066922
0 0.352688 0.207457 0.038710 0.051625
0 0.429032 0.219885 0.047312 0.065010
0 0.503226 0.219885 0.049462 0.076482
0 0.486022 0.166348 0.040860 0.057361
0 0.534946 0.177820 0.039785 0.049713
0 0.368280 0.186424 0.035484 0.059273
0 0.429032 0.176864 0.036559 0.051625
0 0.375806 0.169216 0.033333 0.059273
0 0.439247 0.154876 0.033333 0.053537
0 0.493548 0.147228 0.030108 0.061185
0 0.438172 0.128107 0.033333 0.042065
0 0.486022 0.117591 0.030108 0.043977
0 0.386022 0.128107 0.036559 0.061185
0 0.409140 0.075526 0.029032 0.051625
0 0.447849 0.051625 0.029032 0.049713
0 0.409677 0.044933 0.027957 0.047801
0 0.489785 0.082218 0.031183 0.038241
0 0.490323 0.059273 0.030108 0.034417
0 0.658602 0.162524 0.039785 0.061185
0 0.034409 0.412046 0.066667 0.108987
0 0.111828 0.344168 0.064516 0.091778
0 0.078495 0.292543 0.053763 0.084130
0 0.019355 0.344168 0.036559 0.076482
0 0.038710 0.254302 0.051613 0.072658
0 0.127957 0.251434 0.051613 0.070746
0 0.172043 0.274379 0.051613 0.074570
0 0.067742 0.228489 0.049462 0.063098
0 0.211828 0.237094 0.047312 0.072658
0 0.149462 0.225621 0.047312 0.061185
0 0.112366 0.211281 0.041935 0.059273
0 0.206989 0.215105 0.037634 0.063098
0 0.177957 0.191205 0.039785 0.061185
0 0.139247 0.185468 0.037634 0.042065
0 0.207527 0.164436 0.036559 0.049713
0 0.270968 0.158700 0.036559 0.053537
0 0.150538 0.172084 0.030108 0.042065
0 0.167204 0.150096 0.033333 0.040153
0 0.187634 0.130975 0.037634 0.047801
0 0.202151 0.121415 0.027957 0.043977
0 0.208602 0.110899 0.025806 0.042065
0 0.295699 0.118547 0.030108 0.061185
0 0.261290 0.092734 0.034409 0.074570
0 0.315054 0.088910 0.032258 0.055449
0 0.260753 0.034417 0.024731 0.034417
0 0.340323 0.045889 0.026882 0.042065
0 0.284409 0.076482 0.024731 0.042065
0 0.286022 0.048757 0.025806 0.043977
0 0.298925 0.035373 0.025806 0.043977
0 0.789247 0.250478 0.062366 0.084130
1 0.746774 0.179732 0.080645 0.130019
