1 0.953683 0.271094 0.092634 0.160938
0 0.894531 0.328125 0.117188 0.059375
0 0.630022 0.333594 0.108259 0.057813
0 0.170201 0.327344 0.128348 0.057813
0 0.967076 0.600781 0.065848 0.070312
0 0.904576 0.544531 0.056920 0.060937
0 0.840960 0.465625 0.047991 0.050000
0 0.757254 0.459375 0.047991 0.056250
0 0.852121 0.621875 0.065848 0.068750
0 0.938058 0.649219 0.070312 0.070312
0 0.938058 0.711719 0.099330 0.110937
0 0.982143 0.742969 0.035714 0.135937
0 0.719866 0.531250 0.051339 0.059375
0 0.734375 0.564844 0.060268 0.085938
0 0.700335 0.648438 0.068080 0.071875
0 0.651786 0.575000 0.060268 0.065625
0 0.617746 0.467187 0.045759 0.053125
0 0.530692 0.907031 0.155134 0.185938
0 0.492188 0.707812 0.102679 0.109375
0 0.507254 0.675000 0.090402 0.093750
0 0.496094 0.632812 0.079241 0.071875
0 0.486049 0.605469 0.065848 0.070312
0 0.478795 0.528906 0.055804 0.057813
0 0.474330 0.479687 0.049107 0.059375
0 0.296317 0.866406 0.143973 0.176563
0 0.318638 0.741406 0.117188 0.120313
0 0.360491 0.677344 0.093750 0.107813
0 0.398438 0.643750 0.069196 0.087500
0 0.358817 0.617188 0.059152 0.059375
0 0.394531 0.567969 0.063616 0.076563
0 0.391741 0.531250 0.058036 0.056250
0 0.396763 0.489063 0.054688 0.059375
0 0.392857 0.425000 0.044643 0.046875
0 0.139509 0.789844 0.116071 0.132812
0 0.073661 0.682031 0.089286 0.101562
0 0.248884 0.660156 0.078125 0.092188
0 0.179129 0.612500 0.059152 0.078125
0 0.286272 0.556250 0.054688 0.084375
0 0.304688 0.528125 0.049107 0.062500
0 0.216518 0.517188 0.062500 0.081250
0 0.315290 0.466406 0.054688 0.070312
0 0.247768 0.448437 0.049107 0.053125
