0 0.650000 0.693709 0.052727 0.082781
0 0.683636 0.625828 0.047273 0.059603
0 0.578182 0.528146 0.029091 0.043046
0 0.663636 0.513245 0.029091 0.046358
0 0.610909 0.500000 0.029091 0.039735
0 0.529091 0.465232 0.021818 0.036424
0 0.576364 0.463576 0.018182 0.026490
0 0.860000 0.533113 0.040000 0.039735
1 0.811818 0.476821 0.070909 0.072848
0 0.750000 0.480132 0.027273 0.033113
0 0.322727 0.754967 0.060000 0.105960
0 0.249091 0.725166 0.072727 0.112583
0 0.381818 0.586093 0.036364 0.059603
0 0.317273 0.552980 0.034545 0.052980
0 0.397273 0.498344 0.020000 0.036424
0 0.358182 0.508278 0.025455 0.036424
0 0.360000 0.470199 0.021818 0.026490
0 0.457273 0.403974 0.016364 0.026490
