0 0.891403 0.864983 0.135747 0.151568
0 0.644042 0.873693 0.138763 0.123693
0 0.394419 0.876307 0.137255 0.125436
0 0.177979 0.867596 0.141780 0.149826
0 0.435897 0.845819 0.123680 0.120209
0 0.631976 0.842334 0.135747 0.109756
0 0.800905 0.850174 0.108597 0.114983
0 0.195324 0.817944 0.125189 0.130662
0 0.449472 0.810976 0.099548 0.106272
0 0.607843 0.815331 0.096531 0.097561
0 0.836350 0.814460 0.098039 0.095819
0 0.779789 0.797909 0.096531 0.111498
0 0.033183 0.837979 0.063348 0.118467
0 0.036953 0.790070 0.070890 0.123693
0 0.046003 0.783101 0.085973 0.127178
0 0.088235 0.753484 0.079940 0.092334
0 0.214178 0.765679 0.087481 0.092334
0 0.428356 0.768293 0.117647 0.090592
0 0.453997 0.750000 0.093514 0.092334
0 0.103318 0.735192 0.076923 0.087108
0 0.123680 0.720383 0.075415 0.085366
0 0.605581 0.778746 0.095023 0.073171
0 0.601056 0.748258 0.079940 0.054007
0 0.591252 0.749129 0.087481 0.087108
1 0.686275 0.708188 0.132730 0.113240
0 0.803922 0.718641 0.087481 0.074913
0 0.771493 0.764808 0.092006 0.114983
0 0.424585 0.688153 0.101056 0.080139
0 0.340875 0.683798 0.084465 0.071429
0 0.267722 0.679443 0.088989 0.083624
0 0.559578 0.725610 0.069382 0.078397
0 0.569382 0.681185 0.082956 0.066202
0 0.592006 0.693380 0.067873 0.055749
0 0.431373 0.636760 0.084465 0.067944
0 0.561840 0.648084 0.079940 0.080139
0 0.752640 0.683798 0.069382 0.064460
0 0.710407 0.656794 0.069382 0.055749
1 0.117647 0.648955 0.138763 0.151568
0 0.640271 0.623693 0.104072 0.073171
0 0.446456 0.589721 0.054299 0.054007
0 0.552790 0.618467 0.067873 0.052265
0 0.635747 0.555749 0.049774 0.041812
0 0.022624 0.688153 0.042232 0.076655
0 0.030920 0.664634 0.055807 0.074913
0 0.223982 0.627178 0.070890 0.066202
