0 0.961261 0.562934 0.051051 0.046007
0 0.937237 0.524306 0.036637 0.038194
0 0.881682 0.529514 0.045646 0.038194
0 0.888589 0.509549 0.041441 0.053819
0 0.907207 0.500434 0.029429 0.039062
4 0.880180 0.476997 0.007808 0.030382
4 0.872372 0.481337 0.006607 0.021701
4 0.857057 0.475260 0.007207 0.019965
4 0.849850 0.472656 0.006006 0.021701
0 0.868769 0.494358 0.024625 0.030382
0 0.850751 0.502170 0.027027 0.032118
0 0.825826 0.509983 0.036036 0.033854
1 0.823423 0.476997 0.034835 0.042535
0 0.811411 0.474826 0.013213 0.022569
0 0.794595 0.476562 0.024024 0.029514
0 0.784384 0.492622 0.028829 0.030382
0 0.775676 0.472222 0.025826 0.024306
0 0.740841 0.469618 0.022222 0.026042
0 0.760060 0.449653 0.043844 0.050347
1 0.740240 0.442708 0.031832 0.045139
0 0.720120 0.453559 0.020420 0.023438
0 0.703003 0.440104 0.012613 0.015625
0 0.714715 0.443576 0.016817 0.017361
1 0.692192 0.424479 0.019820 0.029514
0 0.856156 0.654080 0.075075 0.072049
0 0.778378 0.589844 0.055255 0.054688
0 0.730631 0.549045 0.041441 0.052951
0 0.726727 0.522569 0.040841 0.041667
0 0.687988 0.488281 0.031832 0.039062
0 0.663964 0.459201 0.028228 0.045139
0 0.642042 0.425781 0.022823 0.028646
0 0.632432 0.411892 0.020420 0.021701
0 0.626727 0.394097 0.021021 0.034722
0 0.619520 0.383681 0.016216 0.027778
0 0.614114 0.372396 0.017417 0.032986
0 0.607508 0.367622 0.012613 0.016493
0 0.605105 0.361545 0.012613 0.014757
0 0.600901 0.353733 0.012613 0.019965
0 0.596396 0.345052 0.010811 0.013021
0 0.592492 0.339844 0.011411 0.013021
0 0.585886 0.331163 0.010210 0.011285
0 0.582583 0.325521 0.009610 0.012153
0 0.579279 0.323351 0.007808 0.009549
0 0.709610 0.595052 0.052252 0.061632
0 0.652252 0.509983 0.037237 0.051215
0 0.636937 0.487413 0.031832 0.037326
0 0.600901 0.441840 0.024625 0.031250
0 0.596697 0.414062 0.017417 0.022569
0 0.602703 0.408420 0.016216 0.021701
0 0.593694 0.391493 0.015015 0.019097
0 0.592492 0.384549 0.016216 0.017361
0 0.587387 0.371094 0.013213 0.016493
0 0.584685 0.362413 0.013814 0.016493
0 0.585586 0.357205 0.012012 0.013021
0 0.580180 0.352431 0.012012 0.013889
0 0.578679 0.343316 0.011411 0.013021
0 0.575976 0.337240 0.010811 0.011285
0 0.568769 0.323351 0.009610 0.011285
0 0.775075 0.878038 0.114715 0.141493
0 0.629129 0.571615 0.049850 0.058160
0 0.603303 0.528212 0.036637 0.042535
0 0.594595 0.498698 0.032432 0.035590
0 0.585586 0.452691 0.022823 0.026910
0 0.579580 0.424479 0.021622 0.022569
0 0.569670 0.389323 0.019820 0.021701
0 0.568168 0.379774 0.016817 0.018229
0 0.566066 0.366753 0.015015 0.021701
0 0.564565 0.358941 0.010811 0.013021
0 0.561862 0.354167 0.012613 0.013889
0 0.560961 0.346354 0.012012 0.012153
1 0.560661 0.340278 0.009009 0.012153
0 0.559760 0.337240 0.009610 0.011285
0 0.557057 0.325087 0.009009 0.011285
0 0.552252 0.322917 0.007808 0.012153
0 0.435135 0.802083 0.099099 0.123264
0 0.466066 0.630642 0.062462 0.082465
0 0.507207 0.505208 0.033033 0.036458
0 0.510210 0.474826 0.025826 0.031250
0 0.508408 0.452691 0.027027 0.032118
0 0.515616 0.410156 0.021021 0.025174
0 0.517117 0.390191 0.015616 0.019965
0 0.526126 0.359375 0.014414 0.013889
0 0.527027 0.344618 0.011411 0.012153
0 0.527327 0.333767 0.010811 0.011285
0 0.528829 0.325521 0.010210 0.010417
0 0.350450 0.686632 0.076276 0.088542
0 0.441742 0.519531 0.037838 0.047743
0 0.462763 0.474826 0.027027 0.031250
0 0.479880 0.434462 0.024024 0.032118
0 0.494294 0.385851 0.016817 0.019965
0 0.499099 0.371962 0.014414 0.016493
0 0.509910 0.344618 0.010811 0.013889
0 0.512312 0.331597 0.009610 0.012153
0 0.504505 0.327691 0.009610 0.009549
1 0.507508 0.316406 0.012012 0.018229
0 0.369970 0.521701 0.037237 0.039931
0 0.438138 0.457899 0.023423 0.037326
0 0.450751 0.425781 0.018619 0.032118
0 0.469970 0.387587 0.017417 0.021701
0 0.064865 0.729167 0.098498 0.098958
0 0.263664 0.603299 0.060060 0.060764
0 0.031532 0.638455 0.061862 0.063368
0 0.128829 0.581597 0.054655 0.050347
0 0.193694 0.555556 0.043844 0.046875
0 0.215916 0.536024 0.042643 0.037326
0 0.286186 0.513021 0.031832 0.029514
0 0.326426 0.490885 0.027027 0.026910
0 0.360060 0.471788 0.021021 0.023438
0 0.363063 0.465278 0.019820 0.019097
0 0.376276 0.453125 0.017417 0.020833
0 0.384384 0.449219 0.010811 0.016493
0 0.393393 0.445312 0.016817 0.022569
4 0.025225 0.558160 0.013213 0.031250
3 0.024024 0.565538 0.018018 0.037326
4 0.040240 0.535590 0.012012 0.036458
0 0.181982 0.529514 0.036036 0.034722
1 0.153754 0.503472 0.081682 0.072917
0 0.235435 0.512587 0.036036 0.030382
0 0.236036 0.500434 0.028829 0.023438
4 0.221021 0.490017 0.008408 0.028646
2 0.221922 0.496962 0.009009 0.021701
4 0.228228 0.479601 0.007207 0.028646
0 0.277177 0.495660 0.028228 0.029514
0 0.247147 0.480469 0.024625 0.026910
4 0.269069 0.475694 0.007207 0.019097
3 0.269069 0.479601 0.007207 0.014757
0 0.253754 0.473524 0.030631 0.023438
0 0.293393 0.470920 0.031832 0.023438
4 0.299399 0.461372 0.007808 0.019965
4 0.316817 0.464844 0.006607 0.016493
4 0.323123 0.466146 0.006006 0.017361
3 0.322523 0.470052 0.008408 0.016493
4 0.338138 0.467014 0.004805 0.017361
3 0.337838 0.472222 0.005405 0.013889
0 0.328228 0.462674 0.017417 0.022569
0 0.332733 0.452691 0.014414 0.019965
0 0.346246 0.457899 0.017417 0.019965
0 0.351051 0.449219 0.021021 0.025174
0 0.365165 0.443576 0.013213 0.015625
0 0.220120 0.466146 0.029429 0.019097
0 0.212613 0.469618 0.024024 0.019097
0 0.180180 0.469184 0.019219 0.014757
4 0.108408 0.507378 0.010210 0.042535
4 0.974775 0.488281 0.009610 0.039062
