0 0.650000 0.898000 0.458333 0.204000
0 0.605000 0.882667 0.358333 0.234667
0 0.694167 0.862000 0.170000 0.158667
0 0.079583 0.904667 0.157500 0.190667
0 0.216250 0.840000 0.282500 0.320000
0 0.359583 0.824000 0.189167 0.309333
0 0.287917 0.898667 0.169167 0.202667
0 0.431667 0.772000 0.151667 0.208000
0 0.653333 0.799333 0.181667 0.198667
0 0.615417 0.782667 0.159167 0.213333
0 0.627917 0.748667 0.110833 0.174667
0 0.623750 0.688000 0.127500 0.157333
0 0.418333 0.714667 0.123333 0.162667
0 0.457500 0.706000 0.113333 0.145333
0 0.422500 0.677333 0.100000 0.130667
0 0.468750 0.594000 0.092500 0.116000
0 0.633750 0.620667 0.092500 0.102667
0 0.611250 0.594000 0.080833 0.105333
0 0.606667 0.571333 0.086667 0.116000
0 0.477083 0.554000 0.069167 0.073333
0 0.477500 0.536667 0.076667 0.086667
0 0.497500 0.516000 0.070000 0.109333
0 0.497917 0.490000 0.064167 0.092000
0 0.524167 0.474000 0.053333 0.081333
0 0.506250 0.453333 0.067500 0.069333
0 0.615000 0.504667 0.068333 0.073333
0 0.615417 0.487333 0.059167 0.070667
0 0.614167 0.477333 0.056667 0.066667
0 0.611667 0.454000 0.056667 0.057333
0 0.653750 0.448000 0.050833 0.066667
0 0.693750 0.456000 0.055833 0.064000
0 0.693333 0.478667 0.056667 0.072000
0 0.722083 0.484667 0.069167 0.078667
0 0.730000 0.508000 0.063333 0.072000
0 0.738750 0.520000 0.070833 0.069333
0 0.755000 0.537333 0.073333 0.088000
0 0.767083 0.556000 0.077500 0.085333
0 0.793750 0.592667 0.080833 0.110667
0 0.801250 0.606667 0.097500 0.114667
0 0.805833 0.636000 0.086667 0.109333
0 0.848750 0.663333 0.102500 0.148000
0 0.868750 0.704000 0.102500 0.176000
0 0.887083 0.758667 0.114167 0.162667
0 0.924167 0.795333 0.148333 0.190667
0 0.937917 0.827333 0.124167 0.201333
0 0.966250 0.867333 0.067500 0.196000
0 0.985000 0.909333 0.030000 0.181333
0 0.147917 0.668667 0.107500 0.124000
0 0.031667 0.652667 0.061667 0.172000
0 0.067917 0.600667 0.090833 0.118667
0 0.226250 0.616000 0.097500 0.120000
0 0.325000 0.534000 0.071667 0.089333
0 0.197500 0.524000 0.076667 0.088000
0 0.230417 0.484000 0.064167 0.088000
0 0.276250 0.464667 0.052500 0.068000
0 0.332500 0.488667 0.068333 0.070667
0 0.372083 0.472667 0.054167 0.076000
0 0.320833 0.427333 0.060000 0.062667
0 0.405833 0.421333 0.058333 0.064000
0 0.360417 0.391333 0.044167 0.062667
0 0.400417 0.376667 0.034167 0.038667
