4 0.671480 0.748547 0.126354 0.497093
4 0.975632 0.450581 0.027076 0.087209
3 0.975632 0.473837 0.027076 0.063953
4 0.943141 0.478198 0.030686 0.136628
2 0.942238 0.501453 0.032491 0.113372
4 0.910650 0.463663 0.027076 0.113372
3 0.911552 0.495640 0.025271 0.084302
0 0.895307 0.446221 0.046931 0.084302
0 0.848375 0.450581 0.068592 0.087209
0 0.750903 0.457849 0.072202 0.119186
0 0.805054 0.497093 0.137184 0.162791
0 0.662455 0.531977 0.198556 0.284884
0 0.564079 0.482558 0.088448 0.127907
0 0.471119 0.481105 0.119134 0.130814
0 0.450361 0.606105 0.348375 0.450581
0 0.268051 0.601744 0.265343 0.325581
0 0.168773 0.744186 0.333935 0.511628
