0 0.128609 0.909836 0.251969 0.180328
0 0.249344 0.730874 0.293963 0.259563
0 0.347769 0.524590 0.202100 0.163934
0 0.433071 0.423497 0.188976 0.153005
0 0.430446 0.326503 0.152231 0.117486
0 0.477690 0.281421 0.152231 0.136612
0 0.895013 0.505464 0.209974 0.185792
0 0.734908 0.401639 0.178478 0.147541
0 0.976378 0.407104 0.047244 0.109290
0 0.947507 0.359290 0.104987 0.101093
0 0.963255 0.316940 0.073491 0.092896
0 0.952756 0.256831 0.094488 0.120219
0 0.727034 0.285519 0.125984 0.101093
0 0.741470 0.333333 0.149606 0.098361
0 0.704724 0.260929 0.128609 0.112022
0 0.720472 0.207650 0.118110 0.087432
0 0.918635 0.210383 0.110236 0.120219
0 0.716535 0.177596 0.104987 0.076503
0 0.484252 0.222678 0.133858 0.095628
0 0.501312 0.183060 0.099738 0.081967
0 0.656168 0.083333 0.089239 0.079235
0 0.536745 0.081967 0.097113 0.081967
0 0.771654 0.090164 0.094488 0.081967
0 0.438320 0.046448 0.083990 0.065574
0 0.885827 0.077869 0.081365 0.068306
0 0.598425 0.054645 0.078740 0.065574
0 0.730971 0.076503 0.086614 0.071038
