0 0.964355 0.697674 0.067437 0.065116
0 0.941233 0.987209 0.071291 0.025581
0 0.911368 0.922093 0.100193 0.100000
0 0.933526 0.880233 0.094412 0.086047
0 0.891137 0.793023 0.082852 0.074419
0 0.865125 0.677907 0.069364 0.067442
0 0.761079 0.891860 0.088632 0.104651
0 0.764933 0.753488 0.073218 0.074419
0 0.756262 0.700000 0.071291 0.060465
0 0.492293 0.982558 0.094412 0.034884
0 0.545279 0.812791 0.080925 0.076744
0 0.556840 0.751163 0.077071 0.069767
0 0.604046 0.569767 0.044316 0.051163
0 0.445087 0.852326 0.092486 0.086047
0 0.334297 0.933721 0.090559 0.123256
0 0.192678 0.981395 0.123314 0.037209
0 0.364162 0.762791 0.084778 0.079070
4 0.296724 0.747674 0.034682 0.053488
0 0.032755 0.940698 0.061657 0.058140
0 0.153179 0.801163 0.075145 0.048837
3 0.294798 0.760465 0.038536 0.065116
