0 0.257000 0.843750 0.186000 0.168750
0 0.262000 0.776563 0.156000 0.128125
0 0.478000 0.737500 0.128000 0.137500
0 0.447000 0.693750 0.126000 0.118750
0 0.648000 0.632812 0.088000 0.084375
0 0.602000 0.603125 0.080000 0.087500
0 0.681000 0.559375 0.066000 0.062500
0 0.751000 0.550000 0.066000 0.081250
0 0.939000 0.498437 0.046000 0.053125
0 0.813000 0.512500 0.050000 0.056250
0 0.760000 0.506250 0.056000 0.056250
0 0.844000 0.478125 0.040000 0.043750
0 0.796000 0.457813 0.040000 0.040625
0 0.818000 0.445312 0.028000 0.034375
0 0.861000 0.453125 0.030000 0.043750
0 0.871000 0.435937 0.030000 0.040625
0 0.848000 0.407813 0.024000 0.040625
0 0.065000 0.870313 0.126000 0.096875
0 0.062000 0.929688 0.120000 0.128125
0 0.041000 0.740625 0.078000 0.081250
0 0.197000 0.725000 0.142000 0.112500
0 0.196000 0.664062 0.128000 0.109375
0 0.344000 0.651563 0.088000 0.084375
0 0.325000 0.631250 0.074000 0.081250
0 0.425000 0.600000 0.074000 0.081250
0 0.476000 0.534375 0.044000 0.050000
0 0.522000 0.531250 0.040000 0.050000
0 0.533000 0.484375 0.030000 0.037500
