0 0.717723 0.765625 0.083333 0.127083
0 0.641432 0.533333 0.052817 0.062500
0 0.730634 0.509375 0.043427 0.056250
0 0.745892 0.408333 0.038732 0.075000
1 0.753521 0.372917 0.037559 0.083333
0 0.640258 0.385417 0.029343 0.045833
0 0.691901 0.387500 0.024648 0.041667
1 0.541080 0.333333 0.042254 0.075000
0 0.516432 0.407292 0.032864 0.047917
0 0.436620 0.398958 0.030516 0.039583
0 0.445423 0.429167 0.031690 0.041667
0 0.410211 0.490625 0.048122 0.077083
0 0.384390 0.466667 0.041080 0.062500
0 0.368545 0.439583 0.035211 0.050000
0 0.319836 0.467708 0.038732 0.060417
0 0.292254 0.532292 0.056338 0.077083
0 0.223005 0.582292 0.053991 0.072917
0 0.225352 0.676042 0.065728 0.093750
0 0.137911 0.660417 0.066901 0.091667
0 0.152582 0.573958 0.053991 0.072917
0 0.040493 0.728125 0.078638 0.118750
