0 0.330952 0.869004 0.097619 0.121771
0 0.339881 0.713100 0.065476 0.083026
0 0.411905 0.665129 0.057143 0.068266
0 0.575595 0.498155 0.029762 0.036900
0 0.944643 0.670664 0.055952 0.075646
0 0.980952 0.635609 0.038095 0.075646
0 0.948214 0.617159 0.051190 0.068266
0 0.899405 0.624539 0.048810 0.071956
0 0.873810 0.600554 0.042857 0.064576
0 0.911905 0.579336 0.040476 0.059041
0 0.945833 0.566421 0.034524 0.040590
0 0.877976 0.556273 0.034524 0.046125
0 0.836905 0.569188 0.033333 0.046125
0 0.826786 0.555351 0.032143 0.044280
0 0.865476 0.539668 0.033333 0.038745
0 0.894643 0.511070 0.025000 0.033210
0 0.799405 0.507380 0.022619 0.029520
