0 0.242308 0.645497 0.078462 0.099307
0 0.383846 0.621247 0.050769 0.064665
1 0.426154 0.595843 0.052308 0.083141
0 0.363846 0.614319 0.032308 0.046189
0 0.563077 0.609700 0.024615 0.036952
0 0.550769 0.596998 0.018462 0.025404
0 0.603077 0.591224 0.027692 0.023095
0 0.706154 0.660508 0.116923 0.143187
0 0.796154 0.603926 0.056923 0.062356
0 0.820769 0.608545 0.069231 0.057737
0 0.844615 0.609700 0.070769 0.060046
0 0.882308 0.615473 0.075385 0.066975
0 0.905385 0.612009 0.072308 0.064665
0 0.936923 0.613164 0.104615 0.071594
0 0.974615 0.629330 0.050769 0.080831
