0 0.805072 0.769330 0.039130 0.064433
0 0.762319 0.802835 0.043478 0.064433
0 0.744928 0.858247 0.049275 0.067010
0 0.678261 0.884021 0.055072 0.082474
0 0.652174 0.809278 0.043478 0.077320
0 0.623913 0.769330 0.039130 0.059278
0 0.711594 0.743557 0.037681 0.048969
0 0.663043 0.667526 0.033333 0.056701
0 0.626087 0.701031 0.034783 0.051546
0 0.610870 0.676546 0.033333 0.054124
0 0.768841 0.622423 0.033333 0.048969
0 0.555072 0.639175 0.026087 0.041237
0 0.544928 0.556701 0.023188 0.046392
0 0.495652 0.514175 0.026087 0.054124
0 0.532609 0.507732 0.027536 0.041237
0 0.488406 0.472938 0.023188 0.038660
0 0.418116 0.399485 0.021739 0.041237
0 0.363768 0.417526 0.020290 0.036082
0 0.431884 0.451031 0.020290 0.030928
0 0.415217 0.509021 0.021739 0.033505
0 0.428261 0.548969 0.021739 0.036082
0 0.460870 0.567010 0.023188 0.036082
0 0.475362 0.609536 0.028986 0.048969
0 0.498551 0.676546 0.028986 0.048969
0 0.445652 0.654639 0.036232 0.046392
0 0.374638 0.652062 0.033333 0.051546
0 0.350000 0.671392 0.042029 0.059278
0 0.445652 0.712629 0.039130 0.059278
0 0.550000 0.796392 0.039130 0.067010
0 0.500000 0.837629 0.049275 0.072165
0 0.500725 0.926546 0.050725 0.074742
0 0.426087 0.847938 0.046377 0.072165
0 0.196377 0.898196 0.053623 0.079897
0 0.126087 0.873711 0.052174 0.082474
0 0.231884 0.787371 0.040580 0.059278
0 0.238406 0.755155 0.042029 0.051546
0 0.021014 0.818299 0.039130 0.064433
1 0.050000 0.707474 0.068116 0.146907
0 0.136232 0.699742 0.037681 0.048969
0 0.159420 0.681701 0.034783 0.054124
1 0.215217 0.639175 0.059420 0.108247
0 0.186232 0.614691 0.027536 0.048969
0 0.207971 0.523196 0.036232 0.030928
1 0.267391 0.528351 0.036232 0.077320
