0 0.349178 0.755208 0.073944 0.114583
0 0.446009 0.709375 0.068075 0.102083
0 0.317488 0.537500 0.041080 0.058333
0 0.285211 0.518750 0.037559 0.054167
0 0.343897 0.417708 0.025822 0.035417
0 0.392606 0.400000 0.026995 0.041667
0 0.429577 0.378125 0.018779 0.022917
0 0.394366 0.369792 0.021127 0.027083
0 0.373239 0.355208 0.014085 0.022917
1 0.506455 0.320833 0.022300 0.050000
1 0.527582 0.321875 0.019953 0.035417
0 0.525822 0.366667 0.016432 0.025000
0 0.622653 0.425000 0.026995 0.041667
0 0.659624 0.461458 0.035211 0.047917
0 0.659038 0.548958 0.048122 0.064583
0 0.727113 0.526042 0.041080 0.056250
0 0.755869 0.556250 0.049296 0.066667
