0 0.941901 0.934375 0.116197 0.131250
0 0.732394 0.610417 0.084507 0.116667
0 0.854460 0.606250 0.098592 0.116667
0 0.973005 0.578125 0.053991 0.110417
0 0.968310 0.486458 0.063380 0.093750
0 0.890845 0.495833 0.068075 0.108333
0 0.825117 0.428125 0.058685 0.089583
0 0.863263 0.425000 0.052817 0.079167
0 0.797535 0.369792 0.031690 0.047917
1 0.740023 0.402083 0.104460 0.170833
0 0.737089 0.300000 0.030516 0.037500
0 0.792840 0.293750 0.026995 0.033333
0 0.816901 0.272917 0.018779 0.025000
0 0.673709 0.486458 0.063380 0.085417
0 0.641432 0.414583 0.045775 0.066667
0 0.626174 0.359375 0.036385 0.052083
0 0.585681 0.315625 0.028169 0.035417
0 0.563967 0.284375 0.019953 0.027083
0 0.596244 0.280208 0.021127 0.027083
1 0.603286 0.258333 0.025822 0.054167
0 0.444836 0.300000 0.021127 0.029167
0 0.423709 0.285417 0.025822 0.037500
0 0.404343 0.261458 0.019953 0.027083
0 0.311620 0.410417 0.045775 0.066667
0 0.426643 0.589583 0.073944 0.116667
0 0.062793 0.429167 0.050469 0.062500
0 0.009977 0.411458 0.017606 0.056250
0 0.052230 0.389583 0.043427 0.066667
0 0.111502 0.398958 0.037559 0.052083
0 0.146127 0.370833 0.034038 0.054167
0 0.826291 0.381250 0.044601 0.058333
0 0.011737 0.311458 0.018779 0.031250
