0 0.969484 0.835417 0.061033 0.079167
0 0.967723 0.759375 0.059859 0.064583
0 0.855634 0.716667 0.044601 0.054167
0 0.836268 0.746875 0.050469 0.064583
0 0.761737 0.756250 0.053991 0.062500
0 0.625587 0.767708 0.049296 0.068750
0 0.607981 0.707292 0.039906 0.052083
0 0.659624 0.705208 0.037559 0.056250
0 0.721244 0.692708 0.038732 0.047917
0 0.705399 0.673958 0.035211 0.052083
1 0.710681 0.645833 0.045775 0.070833
0 0.659038 0.633333 0.019953 0.025000
0 0.623826 0.639583 0.024648 0.029167
0 0.589202 0.668750 0.025822 0.037500
0 0.573944 0.634375 0.021127 0.031250
0 0.564554 0.605208 0.016432 0.027083
0 0.480634 0.667708 0.031690 0.043750
0 0.460094 0.639583 0.021127 0.025000
0 0.419601 0.630208 0.024648 0.039583
0 0.438380 0.667708 0.029343 0.035417
0 0.410798 0.681250 0.032864 0.041667
0 0.371479 0.668750 0.029343 0.037500
0 0.406103 0.736458 0.051643 0.085417
0 0.383216 0.725000 0.034038 0.058333
0 0.339789 0.690625 0.038732 0.064583
0 0.322770 0.677083 0.028169 0.041667
0 0.387324 0.833333 0.070423 0.104167
0 0.305751 0.662500 0.041080 0.054167
0 0.317488 0.606250 0.017606 0.025000
0 0.238263 0.791667 0.056338 0.075000
0 0.245305 0.733333 0.044601 0.058333
