0 0.758216 0.898958 0.044601 0.077083
0 0.737676 0.817708 0.024648 0.039583
0 0.745305 0.777083 0.023474 0.029167
0 0.710681 0.746875 0.019953 0.031250
0 0.700704 0.722917 0.014085 0.020833
0 0.711268 0.695833 0.011737 0.016667
0 0.717723 0.678125 0.008216 0.010417
0 0.713615 0.658333 0.007042 0.012500
0 0.681925 0.661458 0.007042 0.010417
0 0.680164 0.672917 0.008216 0.012500
0 0.669014 0.671875 0.007042 0.010417
0 0.690728 0.688542 0.010563 0.014583
0 0.693662 0.703125 0.009390 0.014583
0 0.659624 0.700000 0.009390 0.016667
0 0.667840 0.708333 0.011737 0.016667
0 0.651408 0.725000 0.014085 0.020833
0 0.639671 0.741667 0.018779 0.029167
0 0.670188 0.746875 0.018779 0.027083
0 0.677230 0.765625 0.023474 0.031250
0 0.613850 0.782292 0.025822 0.035417
0 0.693075 0.848958 0.036385 0.056250
0 0.595070 0.948958 0.053991 0.081250
0 0.468310 0.886458 0.053991 0.081250
0 0.375587 0.914583 0.061033 0.075000
0 0.330986 0.876042 0.063380 0.085417
0 0.465962 0.800000 0.030516 0.054167
0 0.490023 0.777083 0.024648 0.033333
0 0.572183 0.773958 0.024648 0.035417
0 0.507629 0.746875 0.019953 0.031250
0 0.522300 0.732292 0.011737 0.018750
0 0.542254 0.748958 0.021127 0.027083
0 0.550469 0.719792 0.016432 0.018750
0 0.558685 0.711458 0.011737 0.018750
0 0.576878 0.730208 0.017606 0.027083
0 0.596831 0.746875 0.017606 0.027083
0 0.617371 0.719792 0.014085 0.018750
0 0.618545 0.705208 0.016432 0.018750
1 0.588615 0.711458 0.017606 0.035417
0 0.597418 0.707292 0.009390 0.014583
0 0.612676 0.693750 0.009390 0.012500
0 0.619131 0.681250 0.008216 0.012500
0 0.625587 0.665625 0.009390 0.014583
0 0.116784 0.868750 0.080986 0.070833
1 0.271127 0.789583 0.103286 0.091667
0 0.325704 0.798958 0.031690 0.035417
0 0.382629 0.779167 0.028169 0.025000
0 0.394366 0.757292 0.025822 0.035417
1 0.410798 0.721875 0.044601 0.039583
0 0.460094 0.739583 0.018779 0.025000
0 0.484742 0.727083 0.016432 0.020833
0 0.545775 0.701042 0.011737 0.018750
1 0.505282 0.697917 0.026995 0.033333
1 0.533451 0.698958 0.019953 0.035417
