0 0.936024 0.980198 0.108268 0.039604
1 0.916339 0.787129 0.167323 0.300330
1 0.840551 0.714521 0.122047 0.214521
1 0.799213 0.669967 0.090551 0.138614
0 0.975394 0.564356 0.045276 0.046205
0 0.931102 0.534653 0.035433 0.039604
0 0.864173 0.523102 0.035433 0.042904
0 0.688976 0.636964 0.035433 0.046205
0 0.695866 0.656766 0.033465 0.052805
0 0.725394 0.658416 0.057087 0.102310
0 0.807087 0.933993 0.110236 0.132013
0 0.772638 0.874587 0.100394 0.132013
0 0.753937 0.788779 0.082677 0.138614
0 0.702756 0.765677 0.066929 0.085809
0 0.685039 0.734323 0.055118 0.089109
0 0.670276 0.717822 0.053150 0.075908
0 0.656496 0.689769 0.053150 0.079208
1 0.634843 0.628713 0.072835 0.141914
0 0.534449 0.610561 0.029528 0.046205
0 0.539370 0.630363 0.031496 0.046205
0 0.551181 0.669967 0.035433 0.072607
0 0.570866 0.696370 0.047244 0.085809
0 0.583661 0.719472 0.053150 0.092409
0 0.603346 0.770627 0.068898 0.095710
0 0.617126 0.825083 0.080709 0.138614
0 0.650591 0.917492 0.104331 0.158416
0 0.334646 0.929043 0.106299 0.141914
0 0.372047 0.844884 0.086614 0.118812
0 0.382874 0.754125 0.064961 0.089109
0 0.409449 0.719472 0.059055 0.072607
0 0.461614 0.600660 0.025591 0.046205
0 0.323819 0.701320 0.045276 0.062706
0 0.312008 0.724422 0.049213 0.082508
0 0.287402 0.752475 0.066929 0.085809
0 0.238189 0.785479 0.078740 0.092409
0 0.242126 0.833333 0.086614 0.122112
0 0.196850 0.892739 0.110236 0.135314
0 0.153543 0.938944 0.106299 0.122112
0 0.077756 0.978548 0.124016 0.042904
0 0.041339 0.889439 0.078740 0.122112
0 0.097441 0.830033 0.084646 0.108911
0 0.120079 0.792079 0.078740 0.099010
0 0.172244 0.767327 0.064961 0.095710
0 0.217520 0.714521 0.061024 0.095710
0 0.248031 0.694719 0.043307 0.069307
0 0.267717 0.679868 0.047244 0.066007
0 0.295276 0.656766 0.039370 0.059406
1 0.175197 0.475248 0.039370 0.072607
