0 0.103208 0.881229 0.203626 0.154485
0 0.486750 0.828073 0.086471 0.098007
0 0.550209 0.817276 0.065551 0.063123
0 0.741283 0.821429 0.079498 0.081395
0 0.912831 0.835548 0.143654 0.129568
0 0.949093 0.867110 0.101813 0.176080
0 0.450488 0.817276 0.050209 0.073090
0 0.405160 0.823090 0.057183 0.051495
0 0.191771 0.827243 0.040446 0.036545
0 0.367503 0.808970 0.032078 0.029900
0 0.637378 0.799834 0.033473 0.034884
1 0.729428 0.782392 0.097629 0.089701
0 0.787308 0.801495 0.040446 0.044850
0 0.609484 0.795681 0.022315 0.026578
