1 0.135993 0.930582 0.268730 0.138837
1 0.409609 0.764540 0.105863 0.144465
0 0.475570 0.892120 0.091205 0.091932
0 0.944625 0.950281 0.107492 0.095685
0 0.804560 0.884615 0.087948 0.095685
0 0.653094 0.862101 0.084691 0.076923
0 0.783388 0.839587 0.081433 0.073171
0 0.889251 0.804878 0.074919 0.067542
0 0.751629 0.795497 0.070033 0.063790
4 0.484528 0.790807 0.030945 0.069418
0 0.539088 0.797373 0.061889 0.063790
0 0.649023 0.775797 0.063518 0.058161
0 0.513844 0.772983 0.050489 0.052533
0 0.540717 0.757036 0.058632 0.050657
0 0.883550 0.742026 0.050489 0.046904
0 0.778502 0.712946 0.048860 0.041276
0 0.835505 0.695122 0.039088 0.039400
0 0.654723 0.691370 0.039088 0.039400
0 0.570847 0.684803 0.040717 0.056285
0 0.472313 0.702627 0.045603 0.043152
0 0.551303 0.663227 0.034202 0.039400
1 0.771173 0.643527 0.047231 0.071295
0 0.714169 0.665103 0.030945 0.035647
4 0.330619 0.801126 0.022801 0.078799
4 0.258143 0.865854 0.030945 0.069418
4 0.228013 0.859287 0.032573 0.078799
