1 0.893333 0.607500 0.120000 0.170000
0 0.889167 0.518750 0.038333 0.057500
0 0.830833 0.497500 0.045000 0.060000
0 0.800000 0.476250 0.033333 0.052500
0 0.569167 0.440000 0.035000 0.040000
0 0.643333 0.461250 0.036667 0.042500
0 0.681667 0.496250 0.046667 0.057500
0 0.722500 0.508750 0.051667 0.062500
0 0.689167 0.535000 0.058333 0.065000
0 0.718333 0.581250 0.056667 0.067500
0 0.754167 0.616250 0.068333 0.082500
0 0.591667 0.810000 0.116667 0.165000
0 0.605000 0.691250 0.090000 0.112500
0 0.573333 0.625000 0.070000 0.110000
0 0.522500 0.601250 0.058333 0.087500
0 0.523333 0.510000 0.050000 0.065000
0 0.483333 0.443750 0.033333 0.032500
0 0.500833 0.468750 0.038333 0.047500
0 0.425000 0.436250 0.033333 0.042500
0 0.444167 0.497500 0.045000 0.055000
0 0.464167 0.661250 0.078333 0.107500
0 0.391667 0.835000 0.113333 0.160000
0 0.359167 0.648750 0.081667 0.102500
0 0.363333 0.588750 0.070000 0.067500
0 0.385833 0.518750 0.051667 0.057500
0 0.379167 0.461250 0.041667 0.052500
0 0.256667 0.477500 0.043333 0.050000
0 0.234167 0.497500 0.045000 0.060000
0 0.217500 0.572500 0.061667 0.070000
0 0.170833 0.660000 0.078333 0.090000
0 0.165000 0.858750 0.120000 0.137500
