0 0.637273 0.925676 0.129091 0.148649
0 0.621818 0.768919 0.080000 0.105405
4 0.673636 0.581081 0.012727 0.043243
4 0.734545 0.589189 0.014545 0.059459
4 0.530000 0.458108 0.012727 0.035135
0 0.485455 0.427027 0.029091 0.037838
0 0.457273 0.425676 0.020000 0.029730
1 0.425455 0.416216 0.040000 0.059459
0 0.454545 0.456757 0.032727 0.037838
0 0.425455 0.470270 0.029091 0.037838
0 0.400909 0.441892 0.030909 0.035135
1 0.512727 0.535135 0.069091 0.108108
0 0.460909 0.575676 0.041818 0.054054
0 0.494545 0.594595 0.047273 0.070270
0 0.398182 0.622973 0.054545 0.062162
0 0.386364 0.568919 0.041818 0.051351
4 0.347273 0.587838 0.021818 0.045946
0 0.360000 0.500000 0.029091 0.037838
0 0.355455 0.471622 0.023636 0.035135
0 0.358182 0.451351 0.021818 0.032432
0 0.322727 0.467568 0.027273 0.032432
0 0.335455 0.424324 0.023636 0.027027
0 0.338182 0.401351 0.021818 0.029730
4 0.187273 0.647297 0.010909 0.056757
