0 0.963757 0.976991 0.072485 0.046018
0 0.928994 0.788496 0.091716 0.093805
0 0.769231 0.745133 0.106509 0.130973
0 0.612426 0.777876 0.082840 0.090265
0 0.727071 0.704425 0.078402 0.095575
0 0.981509 0.695575 0.036982 0.070796
0 0.560651 0.689381 0.076923 0.065487
0 0.636834 0.646018 0.072485 0.067257
0 0.568787 0.630973 0.066568 0.061947
0 0.562870 0.605310 0.063609 0.067257
0 0.309172 0.876991 0.118343 0.115044
0 0.084320 0.930973 0.124260 0.127434
0 0.033284 0.854867 0.063609 0.109735
0 0.112426 0.772566 0.091716 0.097345
0 0.264053 0.738938 0.093195 0.086726
0 0.431213 0.674336 0.075444 0.070796
0 0.362426 0.645133 0.056213 0.065487
0 0.409024 0.614159 0.066568 0.060177
0 0.256657 0.606195 0.063609 0.058407
0 0.349112 0.575221 0.059172 0.060177
0 0.428994 0.561947 0.056213 0.061947
0 0.519970 0.555752 0.051775 0.049558
0 0.340976 0.561947 0.051775 0.054867
0 0.403846 0.538053 0.053254 0.049558
0 0.442308 0.504425 0.041420 0.038938
0 0.491124 0.507965 0.035503 0.035398
0 0.398669 0.491150 0.039941 0.040708
0 0.355030 0.491150 0.041420 0.037168
0 0.538462 0.505310 0.044379 0.040708
0 0.472633 0.484956 0.054734 0.046018
0 0.710059 0.581416 0.056213 0.058407
0 0.815828 0.584956 0.060651 0.054867
0 0.736686 0.559292 0.053254 0.053097
0 0.820266 0.555752 0.051775 0.046018
0 0.872781 0.553982 0.050296 0.056637
0 0.788462 0.523894 0.044379 0.042478
0 0.726331 0.538938 0.050296 0.051327
0 0.839497 0.530973 0.048817 0.042478
1 0.946746 0.521239 0.085799 0.104425
1 0.895710 0.502655 0.060651 0.095575
0 0.806953 0.492920 0.036982 0.040708
0 0.844675 0.466372 0.035503 0.037168
0 0.664941 0.510619 0.036982 0.040708
0 0.667899 0.476106 0.039941 0.035398
0 0.724852 0.501770 0.041420 0.040708
0 0.765533 0.468142 0.036982 0.047788
4 0.108728 0.582301 0.019231 0.070796
