0 0.851562 0.881607 0.140625 0.190275
0 0.928977 0.710359 0.110795 0.169133
0 0.865057 0.671247 0.088068 0.128964
0 0.795455 0.473573 0.068182 0.071882
4 0.968750 0.476744 0.019886 0.116279
0 0.946733 0.413319 0.089489 0.065539
0 0.801136 0.628964 0.105114 0.107822
0 0.794744 0.581395 0.080966 0.088795
0 0.740767 0.567653 0.075284 0.086681
0 0.718040 0.531712 0.083807 0.107822
0 0.683949 0.519027 0.066761 0.090909
0 0.668324 0.493658 0.058239 0.082452
0 0.651989 0.482030 0.065341 0.088795
0 0.601562 0.433404 0.066761 0.084567
0 0.785511 0.797040 0.119318 0.147992
0 0.690341 0.674419 0.099432 0.122622
0 0.617898 0.578224 0.093750 0.107822
0 0.573153 0.532770 0.069602 0.105708
0 0.544034 0.508457 0.071023 0.090909
0 0.530540 0.469345 0.078125 0.101480
0 0.491477 0.442918 0.071023 0.090909
0 0.530540 0.674419 0.098011 0.135307
0 0.504972 0.625793 0.100852 0.131078
0 0.463068 0.577167 0.085227 0.109937
0 0.466619 0.544397 0.080966 0.099366
0 0.436080 0.530655 0.068182 0.097252
0 0.389205 0.433404 0.053977 0.071882
0 0.346591 0.376321 0.144886 0.067653
0 0.377841 0.741015 0.119318 0.133192
0 0.342330 0.615222 0.107955 0.131078
0 0.338068 0.564482 0.088068 0.084567
0 0.326705 0.527484 0.076705 0.086681
0 0.331676 0.493658 0.075284 0.073996
0 0.299006 0.485201 0.072443 0.078224
0 0.298295 0.439746 0.071023 0.076110
0 0.189631 0.697674 0.120739 0.156448
0 0.183239 0.553911 0.082386 0.101480
0 0.191761 0.503171 0.076705 0.076110
0 0.180398 0.473573 0.065341 0.067653
0 0.185369 0.429175 0.061080 0.063425
0 0.063210 0.476744 0.078125 0.099366
0 0.066761 0.443975 0.059659 0.071882
