0 0.657971 0.809184 0.040580 0.055102
0 0.739130 0.855102 0.055072 0.069388
0 0.718841 0.983673 0.078261 0.032653
0 0.837681 0.789796 0.055072 0.048980
0 0.549275 0.836735 0.052174 0.085714
0 0.543478 0.775510 0.031884 0.044898
0 0.534058 0.745918 0.030435 0.042857
0 0.580435 0.740816 0.027536 0.036735
0 0.559420 0.727551 0.020290 0.034694
0 0.562319 0.704082 0.020290 0.028571
0 0.674638 0.711224 0.021739 0.030612
0 0.650725 0.697959 0.020290 0.024490
0 0.610145 0.684694 0.020290 0.022449
0 0.596377 0.670408 0.018841 0.022449
0 0.622464 0.671429 0.015942 0.020408
0 0.628986 0.660204 0.014493 0.022449
0 0.969565 0.855102 0.060870 0.069388
0 0.731884 0.706122 0.020290 0.028571
0 0.765942 0.696939 0.015942 0.026531
0 0.197101 0.835714 0.078261 0.079592
0 0.387681 0.789796 0.042029 0.053061
0 0.421739 0.744898 0.031884 0.036735
0 0.392029 0.733673 0.033333 0.034694
0 0.455797 0.725510 0.027536 0.030612
0 0.507246 0.711224 0.026087 0.026531
1 0.276087 0.712245 0.065217 0.065306
