0 0.930000 0.669611 0.130588 0.187279
0 0.937647 0.474382 0.096471 0.104240
0 0.972353 0.198763 0.043529 0.054770
0 0.958824 0.181095 0.044706 0.065371
0 0.893529 0.177562 0.041176 0.054770
1 0.777647 0.411661 0.134118 0.240283
0 0.680000 0.660777 0.124706 0.141343
0 0.362353 0.825088 0.162353 0.183746
0 0.420000 0.727032 0.145882 0.174912
1 0.493529 0.568021 0.227059 0.312721
0 0.585294 0.547703 0.069412 0.109541
0 0.584118 0.500883 0.078824 0.118375
0 0.609412 0.459364 0.080000 0.137809
0 0.637059 0.456714 0.057647 0.097173
0 0.637059 0.417845 0.081176 0.118375
0 0.672353 0.396643 0.069412 0.125442
0 0.693529 0.375442 0.060000 0.086572
0 0.698824 0.348940 0.049412 0.075972
0 0.711176 0.333039 0.045882 0.058304
0 0.724706 0.311837 0.047059 0.065371
0 0.742353 0.292403 0.051765 0.065371
0 0.751765 0.283569 0.054118 0.065371
0 0.764706 0.269435 0.054118 0.065371
0 0.764118 0.256184 0.045882 0.063604
0 0.669412 0.250883 0.054118 0.067138
0 0.654118 0.295936 0.056471 0.068905
0 0.645882 0.310071 0.051765 0.075972
0 0.625882 0.314488 0.068235 0.088339
0 0.615882 0.336572 0.062353 0.079505
0 0.601765 0.348057 0.060000 0.074205
0 0.594706 0.367491 0.057647 0.070671
0 0.567647 0.367491 0.069412 0.091873
0 0.532353 0.393993 0.090588 0.102473
1 0.401176 0.484099 0.190588 0.293286
0 0.338235 0.614841 0.097647 0.120141
0 0.284706 0.650177 0.131765 0.169611
0 0.229412 0.718198 0.129412 0.160777
0 0.165294 0.757951 0.144706 0.222615
0 0.041176 0.629859 0.080000 0.139576
0 0.058824 0.570671 0.115294 0.148410
0 0.037647 0.481449 0.072941 0.118375
0 0.177059 0.502650 0.100000 0.132509
0 0.061176 0.382509 0.094118 0.121908
0 0.089412 0.348940 0.068235 0.079505
0 0.145294 0.323322 0.078824 0.084806
0 0.310000 0.417845 0.081176 0.125442
0 0.417647 0.333922 0.072941 0.077739
0 0.347059 0.327739 0.068235 0.079505
0 0.388235 0.288869 0.058824 0.072438
0 0.501765 0.281802 0.057647 0.068905
0 0.544118 0.256184 0.055294 0.056537
0 0.471765 0.246466 0.047059 0.058304
0 0.572353 0.225265 0.055294 0.061837
0 0.449412 0.227032 0.049412 0.058304
0 0.293529 0.303887 0.062353 0.067138
0 0.165882 0.282686 0.077647 0.077739
1 0.246471 0.219965 0.114118 0.146643
4 0.177647 0.212014 0.016471 0.074205
