0 0.936037 0.762599 0.127925 0.108753
0 0.711388 0.771883 0.109204 0.116711
0 0.718409 0.704244 0.067083 0.066313
0 0.660686 0.714854 0.063963 0.076923
0 0.568643 0.696286 0.051482 0.066313
0 0.607644 0.676393 0.042122 0.053050
0 0.650546 0.673740 0.043682 0.047745
0 0.202028 0.793103 0.107644 0.127321
0 0.121685 0.759947 0.109204 0.103448
0 0.250390 0.696286 0.042122 0.055703
0 0.369735 0.712202 0.049922 0.061008
0 0.441498 0.706897 0.049922 0.076923
0 0.488300 0.694960 0.046802 0.074271
0 0.415757 0.681698 0.045242 0.068966
0 0.312793 0.653846 0.023401 0.029178
0 0.266771 0.683024 0.031201 0.045093
0 0.457098 0.673740 0.037441 0.047745
0 0.549922 0.663130 0.032761 0.047745
0 0.517941 0.651194 0.024961 0.034483
