0 0.765455 0.925532 0.090909 0.138298
0 0.847273 0.968085 0.116364 0.063830
0 0.944545 0.914894 0.107273 0.106383
0 0.773636 0.855053 0.096364 0.103723
0 0.781818 0.767287 0.087273 0.103723
0 0.902727 0.735372 0.067273 0.093085
0 0.735455 0.578457 0.056364 0.077128
0 0.819091 0.509309 0.056364 0.077128
0 0.720000 0.489362 0.050909 0.079787
0 0.796364 0.373670 0.043636 0.061170
0 0.421818 0.728723 0.141818 0.175532
0 0.166364 0.828457 0.180000 0.226064
0 0.297273 0.533245 0.110909 0.130319
0 0.479091 0.529255 0.121818 0.170213
0 0.528182 0.339096 0.081818 0.087766
0 0.434545 0.337766 0.069091 0.085106
0 0.504545 0.216755 0.060000 0.077128
