0 0.889868 0.951991 0.123348 0.096019
0 0.763216 0.804450 0.077093 0.063232
0 0.729075 0.715457 0.044053 0.044496
0 0.735683 0.690867 0.044053 0.037471
0 0.754405 0.653396 0.033040 0.037471
0 0.777533 0.637002 0.026432 0.028103
0 0.818282 0.640515 0.028634 0.030445
0 0.859031 0.663934 0.035242 0.030445
0 0.741189 0.608899 0.024229 0.028103
0 0.711454 0.607728 0.022026 0.025761
0 0.516520 0.793911 0.077093 0.065574
0 0.538546 0.661593 0.033040 0.035129
0 0.590308 0.624122 0.022026 0.021077
0 0.550661 0.612412 0.026432 0.025761
1 0.844714 0.720141 0.107930 0.133489
