0 0.558655 0.561086 0.015737 0.027149
0 0.582260 0.590498 0.020029 0.031674
0 0.613734 0.598416 0.020029 0.029412
0 0.642346 0.576923 0.017167 0.022624
0 0.584406 0.611991 0.021459 0.024887
0 0.537911 0.589367 0.017167 0.020362
0 0.550787 0.611991 0.020029 0.033937
0 0.507868 0.615385 0.020029 0.027149
0 0.532904 0.654977 0.027182 0.033937
0 0.585122 0.657240 0.028612 0.038462
0 0.632332 0.650452 0.031474 0.056561
0 0.665236 0.742081 0.045780 0.054299
0 0.710300 0.802036 0.055794 0.061086
0 0.803290 0.840498 0.072961 0.083710
0 0.604435 0.820136 0.052933 0.070136
0 0.472103 0.700226 0.040057 0.047511
0 0.427754 0.764706 0.048641 0.054299
0 0.491416 0.838235 0.058655 0.065611
0 0.317597 0.936652 0.085837 0.085973
