0 0.963389 0.804742 0.035565 0.022315
0 0.883368 0.804742 0.032427 0.022315
0 0.909519 0.792190 0.030335 0.019526
0 0.813285 0.798466 0.026151 0.018131
0 0.655335 0.793584 0.013598 0.011158
0 0.640167 0.794979 0.010460 0.013947
0 0.742678 0.844491 0.152720 0.129707
0 0.628138 0.802650 0.034519 0.034868
0 0.579498 0.804045 0.031381 0.032078
1 0.521967 0.799861 0.037657 0.048815
0 0.563285 0.794979 0.013598 0.016736
0 0.554393 0.794282 0.010460 0.012552
0 0.544456 0.792887 0.009414 0.009763
0 0.500523 0.795676 0.011506 0.015342
0 0.484833 0.797768 0.013598 0.019526
0 0.473849 0.801953 0.023013 0.025105
0 0.451360 0.804742 0.036611 0.041841
