0 0.343310 0.868750 0.193662 0.262500
0 0.483568 0.466667 0.122066 0.241667
0 0.275235 0.502083 0.113850 0.191667
0 0.482981 0.329167 0.085681 0.120833
0 0.364437 0.305208 0.073944 0.118750
0 0.485329 0.202083 0.059859 0.087500
0 0.399648 0.208333 0.059859 0.083333
0 0.419014 0.146875 0.049296 0.068750
0 0.500587 0.132292 0.048122 0.064583
0 0.493545 0.104167 0.038732 0.050000
0 0.488263 0.081250 0.037559 0.054167
0 0.474178 0.053125 0.030516 0.043750
0 0.454812 0.014583 0.026995 0.025000
0 0.399061 0.102083 0.046948 0.070833
0 0.389671 0.060417 0.030516 0.041667
4 0.352700 0.060417 0.008216 0.037500
0 0.355634 0.053125 0.030516 0.039583
0 0.340376 0.033333 0.032864 0.058333
0 0.311620 0.032292 0.024648 0.031250
0 0.302230 0.026042 0.024648 0.035417
0 0.276995 0.025000 0.025822 0.029167
0 0.238850 0.015625 0.012911 0.027083
0 0.167254 0.125000 0.029343 0.041667
0 0.045775 0.618750 0.065728 0.129167
