0 0.034990 0.194595 0.041582 0.050450
0 0.028905 0.234234 0.035497 0.050450
0 0.023834 0.280180 0.037525 0.059459
0 0.046653 0.310811 0.042596 0.055856
1 0.105477 0.310811 0.081136 0.088288
0 0.222617 0.335135 0.045639 0.043243
0 0.329108 0.511712 0.049696 0.064865
0 0.386410 0.607207 0.105477 0.129730
0 0.104970 0.576577 0.110548 0.169369
0 0.136410 0.637838 0.114604 0.180180
0 0.183063 0.792793 0.136917 0.169369
0 0.224138 0.923423 0.215010 0.153153
1 0.536511 0.527027 0.137931 0.254054
0 0.646045 0.667568 0.115619 0.200000
0 0.557809 0.910811 0.141988 0.178378
1 0.747972 0.848649 0.248479 0.302703
