0 0.902344 0.606154 0.195312 0.190769
0 0.353906 0.663077 0.126562 0.175385
0 0.840625 0.627692 0.178125 0.123077
0 0.819531 0.626154 0.182812 0.120000
0 0.774219 0.629231 0.135937 0.101538
0 0.739844 0.627692 0.092188 0.080000
0 0.718750 0.626154 0.096875 0.070769
0 0.693750 0.630769 0.087500 0.086154
0 0.036719 0.720000 0.070312 0.166154
0 0.075000 0.690769 0.146875 0.150769
0 0.115625 0.687692 0.165625 0.138462
0 0.160156 0.686154 0.154688 0.116923
0 0.195312 0.678462 0.146875 0.101538
0 0.228125 0.672308 0.121875 0.101538
0 0.435156 0.636923 0.042188 0.030769
0 0.655469 0.624615 0.064062 0.055385
