0 0.298768 0.480153 0.014374 0.019847
0 0.256674 0.480153 0.012320 0.019847
0 0.207392 0.461832 0.012320 0.016794
0 0.327515 0.592366 0.020534 0.024427
1 0.296201 0.609160 0.035934 0.054962
0 0.167351 0.490076 0.010267 0.015267
0 0.199692 0.511450 0.019507 0.021374
0 0.158624 0.521374 0.017454 0.025954
0 0.204825 0.564122 0.019507 0.025954
0 0.126283 0.632061 0.012320 0.027481
0 0.231006 0.636641 0.024641 0.039695
0 0.608830 0.690840 0.032854 0.038168
0 0.646817 0.695420 0.036961 0.038168
0 0.645791 0.713740 0.032854 0.038168
0 0.681725 0.750382 0.043121 0.038168
0 0.482546 0.680153 0.032854 0.038168
0 0.510780 0.771756 0.052361 0.044275
0 0.465606 0.786260 0.044148 0.048855
0 0.398357 0.748092 0.036961 0.045802
0 0.340862 0.790076 0.036961 0.059542
0 0.263347 0.851145 0.033881 0.062595
1 0.113450 0.761069 0.048255 0.145038
