0 1.097236 0.345859 0.045036 0.032209
0 0.583930 0.340491 0.023541 0.046012
0 0.545548 0.417945 0.028659 0.047546
0 0.493347 0.404141 0.026612 0.044479
1 0.400716 0.394172 0.076766 0.131902
1 0.453429 0.549847 0.102354 0.203988
0 0.346981 0.506902 0.049130 0.075153
0 0.300921 0.592025 0.055271 0.085890
0 0.550154 0.555215 0.046059 0.082822
0 0.226203 0.747699 0.083930 0.133436
0 0.379222 0.811350 0.082907 0.156442
0 0.162231 0.929448 0.107472 0.141104
0 0.460594 0.944018 0.079836 0.111963
0 0.515353 0.251534 0.021494 0.030675
0 0.555271 0.217791 0.017400 0.021472
0 0.844422 0.253834 0.034800 0.029141
0 0.944729 0.346626 0.047083 0.036810
0 0.987718 0.691718 0.024565 0.058282
