1 0.210187 0.606250 0.087822 0.154167
0 0.229508 0.651042 0.074941 0.102083
0 0.260539 0.644792 0.085480 0.147917
0 0.276347 0.668750 0.084309 0.137500
0 0.261710 0.725000 0.097190 0.133333
0 0.279274 0.701042 0.092506 0.143750
0 0.300351 0.752083 0.113583 0.162500
0 0.307963 0.811458 0.112412 0.222917
0 0.326698 0.802083 0.117096 0.166667
0 0.324941 0.891667 0.137002 0.170833
0 0.338993 0.921875 0.151054 0.156250
0 0.330211 0.948958 0.138173 0.102083
0 0.433841 0.667708 0.090164 0.152083
0 0.464286 0.702083 0.097190 0.137500
0 0.495902 0.692708 0.108899 0.177083
0 0.478337 0.746875 0.099532 0.156250
0 0.494731 0.802083 0.106557 0.170833
0 0.540984 0.790625 0.117096 0.197917
0 0.537471 0.865625 0.131148 0.235417
0 0.548595 0.921875 0.127635 0.156250
0 0.607143 0.941667 0.144028 0.116667
0 0.488876 0.604167 0.080796 0.133333
1 0.564988 0.563542 0.090164 0.139583
0 0.590164 0.638542 0.098361 0.147917
0 0.596019 0.660417 0.086651 0.120833
0 0.614169 0.671875 0.087822 0.127083
0 0.648712 0.683333 0.100703 0.137500
0 0.662763 0.743750 0.114754 0.191667
0 0.710773 0.791667 0.107728 0.179167
0 0.744145 0.833333 0.125293 0.195833
0 0.793911 0.885417 0.140515 0.216667
0 0.799766 0.922917 0.126464 0.154167
0 0.827869 0.950000 0.149883 0.100000
0 0.871194 0.967708 0.133489 0.064583
1 0.824941 0.547917 0.111241 0.150000
0 0.796253 0.619792 0.098361 0.135417
0 0.776347 0.638542 0.107728 0.131250
0 0.741803 0.627083 0.090164 0.120833
0 0.840164 0.664583 0.118267 0.116667
0 0.864169 0.692708 0.119438 0.118750
0 0.895785 0.714583 0.098361 0.129167
0 0.925644 0.735417 0.101874 0.120833
0 0.950820 0.770833 0.098361 0.154167
0 0.956674 0.813542 0.086651 0.168750
0 0.898712 0.612500 0.094848 0.129167
0 0.954918 0.656250 0.090164 0.137500
