0 0.437500 0.642857 0.013393 0.011905
0 0.455915 0.641865 0.012277 0.017857
0 0.416295 0.645833 0.020089 0.025794
0 0.396763 0.640873 0.014509 0.023810
0 0.382254 0.643849 0.012277 0.017857
0 0.535714 0.643849 0.017857 0.029762
0 0.469866 0.641865 0.020089 0.033730
4 0.550223 0.647817 0.008929 0.029762
3 0.550223 0.659722 0.008929 0.025794
0 0.527902 0.650794 0.022321 0.023810
0 0.369420 0.645833 0.017857 0.025794
0 0.327567 0.649802 0.036830 0.053571
0 0.498326 0.664683 0.050223 0.071429
0 0.604353 0.666667 0.063616 0.075397
0 0.848214 0.692460 0.296875 0.293651
