0 0.892857 0.725198 0.042411 0.037698
0 0.699777 0.648810 0.040179 0.035714
0 0.747210 0.653770 0.032366 0.029762
0 0.621652 0.647817 0.033482 0.029762
0 0.578125 0.645833 0.037946 0.033730
0 0.559152 0.663690 0.029018 0.029762
1 0.701451 0.713294 0.143973 0.049603
0 0.186942 0.760913 0.036830 0.033730
0 0.130580 0.781746 0.042411 0.035714
0 0.058594 0.866071 0.050223 0.037698
0 0.058594 0.902778 0.050223 0.039683
0 0.282924 0.770833 0.039062 0.033730
0 0.207031 0.848214 0.039062 0.037698
0 0.221540 0.878968 0.047991 0.031746
0 0.190848 0.918651 0.053571 0.039683
0 0.322545 0.821429 0.042411 0.039683
0 0.340402 0.898810 0.051339 0.039683
0 0.310826 0.928571 0.050223 0.047619
0 0.451451 0.806548 0.045759 0.041667
0 0.418527 0.873016 0.049107 0.043651
0 0.421875 0.940476 0.046875 0.051587
0 0.594866 0.784722 0.040179 0.033730
0 0.608259 0.839286 0.044643 0.039683
0 0.601562 0.915675 0.046875 0.049603
0 0.534598 0.944444 0.055804 0.043651
0 0.772321 0.793651 0.044643 0.043651
0 0.780692 0.892857 0.050223 0.047619
0 0.729911 0.919643 0.049107 0.037698
0 0.711496 0.969246 0.045759 0.053571
0 0.890625 0.957341 0.049107 0.049603
1 0.976562 0.761905 0.046875 0.059524
