0 0.857143 0.684524 0.026786 0.019841
0 0.826451 0.685516 0.018973 0.029762
4 0.862165 0.718254 0.012277 0.039683
0 0.764509 0.721230 0.031250 0.041667
0 0.729353 0.716270 0.025670 0.035714
0 0.739955 0.702381 0.026786 0.035714
0 0.607701 0.693452 0.025670 0.033730
0 0.539062 0.710317 0.037946 0.043651
0 0.498884 0.721230 0.035714 0.037698
0 0.455357 0.736111 0.042411 0.039683
0 0.343750 0.763889 0.053571 0.047619
0 0.330357 0.742063 0.064732 0.059524
0 0.188058 0.754960 0.074777 0.073413
0 0.234375 0.777778 0.073661 0.067460
0 0.046875 0.816468 0.091518 0.144841
1 0.794643 0.683532 0.042411 0.085317
0 0.691406 0.718254 0.030134 0.047619
0 0.646205 0.732143 0.035714 0.055556
0 0.609375 0.752976 0.046875 0.061508
0 0.574777 0.794643 0.062500 0.073413
0 0.551897 0.746032 0.043527 0.067460
0 0.493304 0.769841 0.055804 0.063492
0 0.410156 0.814484 0.070312 0.097222
0 0.316964 0.841270 0.129464 0.166667
0 0.210938 0.832341 0.109375 0.101190
0 0.071987 0.877976 0.141741 0.156746
0 0.448661 0.713294 0.033482 0.041667
