4 0.149554 0.616071 0.035714 0.121032
3 0.149554 0.644841 0.035714 0.099206
4 0.124442 0.609127 0.016741 0.079365
1 0.128906 0.593254 0.045759 0.087302
0 0.193080 0.613095 0.026786 0.035714
0 0.269531 0.622024 0.065848 0.089286
0 0.296317 0.623016 0.052455 0.071429
0 0.369978 0.617063 0.052455 0.051587
0 0.562500 0.624008 0.111607 0.125000
0 0.627232 0.621032 0.073661 0.075397
0 0.468750 0.645833 0.194196 0.208333
0 0.801897 0.645833 0.313616 0.255952
4 0.946987 0.621032 0.021205 0.111111
0 0.976562 0.672619 0.046875 0.095238
