0 0.716364 0.863934 0.421818 0.272131
0 0.314545 0.804918 0.130909 0.134426
0 0.176364 0.777049 0.087273 0.098361
0 0.079091 0.767213 0.052727 0.065574
1 0.083636 0.742623 0.061818 0.114754
0 0.224545 0.770492 0.056364 0.072131
0 0.336364 0.763934 0.072727 0.085246
0 0.387273 0.755738 0.061818 0.075410
0 0.442727 0.742623 0.063636 0.062295
0 0.521818 0.745902 0.090909 0.075410
0 0.674545 0.742623 0.123636 0.088525
0 0.773636 0.737705 0.132727 0.085246
0 0.857273 0.737705 0.067273 0.052459
0 0.936364 0.731148 0.098182 0.078689
