0 0.756691 0.869171 0.238443 0.246114
0 0.653285 0.673575 0.124088 0.119171
0 0.619221 0.569948 0.085158 0.082902
0 0.570560 0.500000 0.065693 0.067358
0 0.553528 0.471503 0.051095 0.041451
0 0.541363 0.439119 0.041363 0.038860
0 0.532847 0.414508 0.034063 0.031088
0 0.484185 0.817358 0.155718 0.194301
0 0.478102 0.639896 0.104623 0.103627
0 0.478102 0.556995 0.075426 0.072539
0 0.476886 0.502591 0.058394 0.056995
0 0.467153 0.466321 0.053528 0.046632
0 0.476886 0.449482 0.043796 0.044041
0 0.468370 0.410622 0.041363 0.038860
0 0.227494 0.784974 0.187348 0.202073
0 0.322384 0.628238 0.119221 0.101036
0 0.347932 0.551813 0.087591 0.067358
0 0.388078 0.474093 0.055961 0.046632
0 0.399027 0.431347 0.048662 0.069948
0 0.414842 0.411917 0.031630 0.041451
0 0.153285 0.967617 0.199513 0.064767
0 0.519465 0.980570 0.177616 0.038860
0 0.956204 0.647668 0.087591 0.113990
0 0.854015 0.556995 0.107056 0.077720
0 0.790754 0.505181 0.087591 0.062176
0 0.740876 0.477979 0.060827 0.044041
0 0.704380 0.450777 0.051095 0.041451
0 0.671533 0.433938 0.048662 0.038860
0 0.635036 0.413212 0.038929 0.038860
0 0.911192 0.534974 0.094891 0.064767
0 0.852798 0.494819 0.065693 0.051813
0 0.783455 0.461140 0.053528 0.041451
0 0.748175 0.430052 0.065693 0.051813
1 0.826034 0.428756 0.138686 0.085492
0 0.913625 0.485751 0.070560 0.049223
0 0.973236 0.519430 0.053528 0.059585
0 0.975669 0.571244 0.048662 0.049223
0 0.181265 0.373057 0.026764 0.020725
0 0.211679 0.373057 0.024331 0.020725
0 0.479319 0.360104 0.024331 0.025907
0 0.680049 0.374352 0.051095 0.028497
0 0.635036 0.365285 0.024331 0.020725
0 0.329684 0.366580 0.026764 0.018135
0 0.295620 0.366580 0.026764 0.023316
0 0.255474 0.369171 0.024331 0.023316
