0 0.951878 0.838542 0.096244 0.139583
0 0.917254 0.817708 0.090376 0.102083
4 0.833333 0.821875 0.018779 0.089583
3 0.830399 0.831250 0.048122 0.066667
0 0.744718 0.826042 0.134977 0.068750
3 0.600939 0.818750 0.051643 0.054167
4 0.536972 0.810417 0.017606 0.087500
4 0.424296 0.802083 0.012911 0.066667
4 0.421948 0.802083 0.012911 0.062500
0 0.269366 0.852083 0.158451 0.133333
0 0.348592 0.840625 0.131455 0.118750
0 0.326291 0.797917 0.044601 0.079167
0 0.307512 0.763542 0.044601 0.060417
0 0.307512 0.745833 0.032864 0.050000
0 0.366784 0.731250 0.029343 0.037500
0 0.339789 0.725000 0.026995 0.033333
0 0.377934 0.718750 0.025822 0.045833
0 0.408451 0.721875 0.021127 0.039583
0 0.172535 0.834375 0.079812 0.093750
0 0.186033 0.778125 0.043427 0.064583
0 0.217723 0.764583 0.038732 0.062500
0 0.240023 0.754167 0.031690 0.054167
0 0.262911 0.734375 0.032864 0.060417
0 0.171362 0.759375 0.044601 0.052083
0 0.119131 0.804167 0.045775 0.075000
0 0.116784 0.767708 0.050469 0.056250
0 0.100352 0.846875 0.198357 0.306250
