0 0.155172 0.449036 0.106897 0.192837
0 0.023276 0.194215 0.043103 0.107438
0 0.112069 0.158402 0.027586 0.035813
0 0.060345 0.140496 0.020690 0.033058
0 0.059483 0.114325 0.015517 0.019284
0 0.052586 0.106061 0.018966 0.024793
1 0.043103 0.089532 0.017241 0.030303
1 0.854310 0.242424 0.291379 0.214876
0 0.646552 0.307163 0.117241 0.096419
0 0.687069 0.269972 0.101724 0.077135
0 0.410345 0.254821 0.068966 0.068871
0 0.473276 0.239669 0.070690 0.060606
0 0.517241 0.213499 0.065517 0.057851
0 0.412069 0.173554 0.048276 0.038567
0 0.315517 0.172176 0.037931 0.041322
0 0.339655 0.154270 0.037931 0.038567
0 0.293966 0.158402 0.029310 0.035813
0 0.286207 0.139118 0.024138 0.030303
0 0.232759 0.134986 0.027586 0.027548
0 0.252586 0.129477 0.022414 0.027548
0 0.198276 0.117080 0.020690 0.030303
0 0.712931 0.162534 0.056897 0.049587
0 0.662069 0.151515 0.055172 0.049587
0 0.615517 0.147383 0.048276 0.035813
0 0.570690 0.143251 0.041379 0.033058
0 0.513793 0.132231 0.037931 0.038567
1 0.379310 0.101928 0.041379 0.038567
0 0.400000 0.111570 0.024138 0.024793
