0 0.735589 0.291498 0.052632 0.064777
0 0.780702 0.327935 0.057644 0.089069
0 0.682957 0.457490 0.087719 0.105263
0 0.432331 0.354251 0.072682 0.093117
0 0.401003 0.417004 0.085213 0.105263
0 0.254386 0.384615 0.082707 0.097166
0 0.365915 0.238866 0.050125 0.072874
0 0.399749 0.216599 0.082707 0.076923
0 0.401003 0.495951 0.095238 0.117409
0 0.256892 0.419028 0.072682 0.109312
0 0.067669 0.465587 0.090226 0.105263
0 0.134085 0.384615 0.087719 0.121457
0 0.043860 0.538462 0.082707 0.129555
0 0.315789 0.625506 0.125313 0.149798
0 0.073935 0.706478 0.127820 0.157895
0 0.269424 0.815789 0.167920 0.246964
0 0.725564 0.714575 0.122807 0.174089
0 0.936090 0.670040 0.127820 0.222672
0 0.800752 0.943320 0.177945 0.113360
