0 0.542184 0.880454 0.210918 0.214660
0 0.617866 0.811518 0.173697 0.223386
0 0.354218 0.818499 0.152605 0.184991
0 0.137717 0.804538 0.143921 0.146597
1 0.088089 0.589878 0.101737 0.143106
0 0.306452 0.741710 0.096774 0.115183
0 0.173077 0.685864 0.080645 0.083770
0 0.459057 0.711169 0.106700 0.155323
0 0.412531 0.658813 0.063275 0.075044
0 0.323821 0.637871 0.066998 0.071553
0 0.407568 0.604712 0.053350 0.075044
0 0.308933 0.618674 0.057072 0.068063
0 0.237593 0.594241 0.053350 0.057592
0 0.409429 0.544503 0.039702 0.055846
0 0.345533 0.551483 0.043424 0.048866
0 0.841811 0.712914 0.090571 0.099476
0 0.809553 0.747818 0.107940 0.095986
0 0.627171 0.646597 0.068238 0.099476
0 0.726427 0.640489 0.070720 0.069808
0 0.696030 0.616056 0.059553 0.059337
0 0.535360 0.530541 0.038462 0.066318
0 0.664392 0.522688 0.040943 0.047120
0 0.636476 0.561082 0.042184 0.050611
0 0.682382 0.569808 0.054591 0.054101
0 0.506203 0.487784 0.037221 0.040140
