0 0.671250 0.440063 0.037500 0.041009
0 0.680000 0.466877 0.045000 0.044164
0 0.687500 0.484227 0.045000 0.034700
0 0.681250 0.511041 0.047500 0.050473
0 0.728750 0.458991 0.037500 0.047319
0 0.746250 0.485804 0.042500 0.056782
0 0.790000 0.449527 0.040000 0.041009
0 0.798750 0.470032 0.042500 0.044164
0 0.818750 0.496845 0.047500 0.053628
0 0.820000 0.550473 0.055000 0.047319
0 0.743750 0.539432 0.052500 0.044164
0 0.747500 0.558360 0.050000 0.044164
0 0.656250 0.608833 0.067500 0.075710
0 0.675000 0.564669 0.045000 0.050473
0 0.662500 0.670347 0.090000 0.097792
0 0.652500 0.736593 0.110000 0.123028
0 0.705000 0.809148 0.120000 0.129338
0 0.648750 0.870662 0.142500 0.151420
0 0.608750 0.949527 0.152500 0.100946
0 0.712500 0.596215 0.050000 0.056782
0 0.721250 0.632492 0.057500 0.059937
0 0.731250 0.670347 0.072500 0.085174
0 0.836250 0.597792 0.077500 0.072555
0 0.903750 0.624606 0.077500 0.088328
0 0.951250 0.654574 0.067500 0.072555
0 0.926250 0.698738 0.082500 0.085174
0 0.975000 0.725552 0.050000 0.094637
0 0.763750 0.615142 0.072500 0.069401
0 0.801250 0.678233 0.082500 0.107256
0 0.833750 0.725552 0.082500 0.100946
0 0.817500 0.753943 0.105000 0.107256
0 0.848750 0.856467 0.127500 0.135647
0 0.822500 0.895899 0.160000 0.164038
0 0.888750 0.952681 0.167500 0.094637
0 0.517500 0.490536 0.045000 0.047319
1 0.407500 0.534700 0.075000 0.085174
0 0.492500 0.541009 0.045000 0.047319
0 0.568750 0.536278 0.037500 0.044164
1 0.367500 0.569401 0.065000 0.072555
0 0.398750 0.558360 0.047500 0.056782
0 0.531250 0.623028 0.057500 0.072555
0 0.546250 0.602524 0.062500 0.069401
0 0.498750 0.645110 0.072500 0.091483
0 0.461250 0.682965 0.082500 0.078864
0 0.436250 0.723975 0.087500 0.104101
0 0.440000 0.600946 0.055000 0.066246
0 0.413750 0.623028 0.057500 0.059937
0 0.383750 0.640379 0.072500 0.088328
0 0.300000 0.637224 0.060000 0.082019
0 0.257500 0.646688 0.075000 0.094637
0 0.311250 0.694006 0.092500 0.119874
1 0.163750 0.559937 0.157500 0.154574
0 0.088750 0.727129 0.087500 0.097792
0 0.158750 0.670347 0.112500 0.078864
0 0.207500 0.772871 0.125000 0.119874
0 0.383750 0.776025 0.137500 0.145110
0 0.318750 0.878549 0.152500 0.154574
0 0.277500 0.933754 0.150000 0.132492
0 0.060000 0.761830 0.115000 0.116719
0 0.061250 0.919558 0.117500 0.160883
