0 0.856102 0.569209 0.029144 0.036723
0 0.891621 0.598870 0.041894 0.056497
0 0.825137 0.590395 0.036430 0.050847
0 0.773224 0.580508 0.034608 0.042373
1 0.768670 0.535311 0.040073 0.053672
0 0.744080 0.586158 0.038251 0.059322
0 0.719490 0.604520 0.047359 0.079096
0 0.793260 0.622881 0.045537 0.070621
0 0.769581 0.648305 0.063752 0.087571
0 0.877960 0.622881 0.051002 0.070621
0 0.854281 0.644068 0.061931 0.079096
0 0.828780 0.723164 0.094718 0.107345
0 0.769581 0.800847 0.125683 0.155367
0 0.503643 0.683616 0.071038 0.084746
0 0.459016 0.754237 0.098361 0.129944
0 0.313297 0.757062 0.112933 0.124294
0 0.275956 0.817797 0.125683 0.166667
0 0.170310 0.810734 0.136612 0.163842
0 0.537341 0.713277 0.091075 0.104520
0 0.663024 0.651130 0.069217 0.081921
0 0.652095 0.741525 0.105647 0.127119
0 0.601093 0.831921 0.149362 0.172316
1 0.530965 0.611582 0.118397 0.177966
0 0.400729 0.829096 0.185792 0.313559
0 0.108379 0.855932 0.209472 0.242938
4 0.148452 0.696328 0.034608 0.104520
2 0.146630 0.727401 0.030965 0.081921
