0 0.468878 0.951906 0.072449 0.096189
0 0.589286 0.968240 0.080612 0.063521
0 0.707143 0.860254 0.053061 0.076225
0 0.616837 0.747731 0.037755 0.047187
0 0.631122 0.702359 0.029592 0.036298
0 0.677551 0.686933 0.022449 0.038113
0 0.641327 0.666062 0.015306 0.025408
0 0.627041 0.681488 0.021429 0.030853
0 0.598980 0.688748 0.024490 0.034483
0 0.578061 0.715971 0.029592 0.049002
0 0.583163 0.703267 0.027551 0.045372
1 0.483163 0.653358 0.033673 0.054446
0 0.462245 0.715971 0.026531 0.041742
0 0.446939 0.732305 0.032653 0.045372
0 0.433673 0.712341 0.038776 0.045372
0 0.400510 0.708711 0.035714 0.052632
0 0.400510 0.725045 0.029592 0.038113
0 0.375510 0.726860 0.032653 0.049002
0 0.427041 0.746824 0.037755 0.049002
0 0.391837 0.765880 0.034694 0.054446
0 0.358163 0.745917 0.028571 0.043557
0 0.347959 0.724138 0.034694 0.036298
0 0.318878 0.735935 0.027551 0.041742
0 0.296939 0.724138 0.032653 0.050817
0 0.333673 0.771325 0.042857 0.043557
0 0.366837 0.773140 0.041837 0.061706
0 0.332143 0.785844 0.045918 0.072595
0 0.300510 0.779492 0.039796 0.067151
1 0.270918 0.748639 0.062245 0.081670
0 0.317347 0.810345 0.051020 0.074410
0 0.329592 0.866606 0.061224 0.085299
0 0.245408 0.862069 0.052041 0.079855
0 0.260204 0.829401 0.051020 0.083485
0 0.234694 0.790381 0.042857 0.059891
0 0.201531 0.795826 0.039796 0.049002
1 0.198469 0.755898 0.045918 0.067151
0 0.181122 0.813975 0.050000 0.052632
0 0.219898 0.883848 0.037755 0.083485
1 0.171429 0.905626 0.104082 0.188748
0 0.113776 0.828494 0.060204 0.081670
1 0.044388 0.868421 0.086735 0.176044
0 0.067857 0.940109 0.066327 0.094374
0 0.029592 0.970054 0.057143 0.059891
