0 0.238434 0.951000 0.469751 0.098000
0 0.112100 0.906000 0.217082 0.176000
0 0.953737 0.710000 0.092527 0.104000
0 0.845196 0.687000 0.238434 0.118000
0 0.688612 0.661000 0.252669 0.094000
0 0.427046 0.631000 0.213523 0.074000
0 0.297153 0.618000 0.174377 0.072000
0 0.211744 0.599000 0.202847 0.074000
0 0.583630 0.586000 0.192171 0.072000
0 0.708185 0.598000 0.177936 0.064000
0 0.845196 0.610000 0.181495 0.072000
0 0.967972 0.548000 0.064057 0.044000
0 0.880783 0.538000 0.103203 0.048000
0 0.919929 0.500000 0.117438 0.028000
