0 0.076558 0.323038 0.023035 0.021703
0 0.079268 0.344741 0.025745 0.021703
1 0.184282 0.429048 0.067751 0.080134
0 0.191734 0.490818 0.039295 0.036728
0 0.276423 0.535058 0.040650 0.041736
0 0.333333 0.676127 0.062331 0.073456
0 0.399051 0.824708 0.066396 0.093489
1 0.350949 0.904841 0.130081 0.190317
0 0.118564 0.246244 0.017615 0.018364
0 0.136179 0.248748 0.020325 0.020033
0 0.155149 0.255426 0.020325 0.023372
0 0.176152 0.256260 0.021680 0.021703
0 0.227642 0.267112 0.032520 0.023372
0 0.262873 0.272955 0.035230 0.028381
0 0.292005 0.273790 0.031165 0.026711
0 0.308943 0.284641 0.021680 0.021703
0 0.334688 0.284641 0.043360 0.038397
0 0.367886 0.307179 0.047425 0.033389
0 0.371951 0.297997 0.031165 0.028381
0 0.436992 0.299666 0.042005 0.048414
0 0.465447 0.313022 0.047425 0.041736
0 0.542683 0.328047 0.055556 0.048414
0 0.565718 0.361436 0.063686 0.051753
0 0.665312 0.383139 0.081301 0.058431
0 0.747967 0.403172 0.097561 0.091820
0 0.780488 0.382304 0.075881 0.066778
0 0.907182 0.422371 0.104336 0.076795
4 0.682927 0.955760 0.024390 0.075125
4 0.683604 0.947412 0.017615 0.075125
