0 0.907971 0.566731 0.018841 0.019342
0 0.866667 0.572534 0.026087 0.023211
0 0.847101 0.569632 0.021739 0.029014
0 0.878261 0.567698 0.020290 0.025145
0 0.818841 0.583172 0.043478 0.044487
0 0.754348 0.604449 0.065217 0.071567
0 0.719565 0.608317 0.085507 0.083172
0 0.678986 0.625725 0.102899 0.114120
0 0.929710 0.565764 0.015942 0.021277
0 0.478986 0.764990 0.479710 0.466151
0 0.801449 0.576402 0.052174 0.042553
0 0.186957 0.633462 0.104348 0.075435
0 0.242754 0.685687 0.233333 0.145068
0 0.065217 0.683752 0.127536 0.148936
0 0.052899 0.720503 0.102899 0.203095
4 0.958696 0.569632 0.010145 0.036750
4 0.968116 0.570600 0.011594 0.038685
