0 0.628000 0.661333 0.036000 0.037333
0 0.644000 0.632000 0.024000 0.032000
0 0.689000 0.629333 0.030000 0.042667
0 0.675000 0.693333 0.042000 0.048000
0 0.565000 0.609333 0.026000 0.029333
0 0.599000 0.649333 0.046000 0.061333
0 0.543000 0.649333 0.034000 0.040000
0 0.568000 0.674667 0.044000 0.042667
0 0.504000 0.606667 0.024000 0.029333
0 0.462000 0.605333 0.024000 0.032000
1 0.682000 0.596000 0.044000 0.056000
0 0.660000 0.712000 0.052000 0.069333
0 0.572000 0.756000 0.060000 0.066667
0 0.539000 0.922667 0.094000 0.096000
0 0.386000 0.625333 0.028000 0.029333
0 0.277000 0.681333 0.050000 0.056000
