4 0.759231 0.427907 0.020000 0.065116
3 0.758462 0.443023 0.018462 0.053488
1 0.592308 0.377907 0.040000 0.072093
1 0.693077 0.373256 0.075385 0.095349
1 0.360769 0.381395 0.053846 0.097674
0 0.384615 0.419767 0.049231 0.081395
0 0.397692 0.439535 0.044615 0.065116
0 0.446154 0.402326 0.033846 0.046512
0 0.464615 0.400000 0.030769 0.051163
0 0.479231 0.395349 0.032308 0.051163
0 0.549231 0.400000 0.046154 0.051163
0 0.426154 0.458140 0.055385 0.069767
0 0.344615 0.472093 0.058462 0.065116
0 0.683077 0.510465 0.067692 0.086047
0 0.906923 0.639535 0.152308 0.158140
0 0.950000 0.743023 0.100000 0.230233
4 0.656923 0.860465 0.095385 0.274419
0 0.367692 0.567442 0.098462 0.120930
0 0.273077 0.588372 0.106154 0.125581
0 0.102308 0.562791 0.084615 0.106977
1 0.121538 0.456977 0.107692 0.160465
0 0.233077 0.820930 0.290769 0.344186
4 0.193846 0.883721 0.107692 0.218605
4 0.965385 0.426744 0.016923 0.072093
0 0.938462 0.415116 0.049231 0.058140
0 0.396923 0.379070 0.030769 0.051163
0 0.427692 0.387209 0.027692 0.039535
1 0.644615 0.382558 0.076923 0.113953
