0 0.138000 0.676471 0.036000 0.051903
0 0.106000 0.726644 0.044000 0.055363
0 0.082000 0.702422 0.040000 0.055363
0 0.195000 0.673010 0.030000 0.044983
0 0.041000 0.747405 0.042000 0.062284
0 0.025000 0.776817 0.046000 0.065744
0 0.036000 0.673010 0.052000 0.051903
0 0.403000 0.524221 0.034000 0.051903
0 0.340000 0.579585 0.036000 0.051903
0 0.377000 0.614187 0.038000 0.058824
0 0.443000 0.619377 0.034000 0.055363
0 0.534000 0.498270 0.028000 0.048443
0 0.540000 0.550173 0.032000 0.055363
0 0.452000 0.491349 0.020000 0.034602
0 0.455000 0.444637 0.026000 0.031142
0 0.416000 0.456747 0.028000 0.034602
0 0.410000 0.491349 0.028000 0.034602
0 0.376000 0.477509 0.024000 0.034602
0 0.392000 0.442907 0.028000 0.034602
0 0.531000 0.456747 0.022000 0.027682
0 0.560000 0.475779 0.024000 0.031142
0 0.568000 0.506920 0.020000 0.038062
0 0.575000 0.525952 0.022000 0.041522
0 0.593000 0.555363 0.030000 0.044983
0 0.625000 0.512111 0.034000 0.055363
0 0.677000 0.643599 0.050000 0.055363
0 0.613000 0.633218 0.042000 0.055363
0 0.564000 0.652249 0.044000 0.058824
0 0.423000 0.679931 0.054000 0.058824
0 0.429000 0.714533 0.054000 0.079585
0 0.412000 0.782007 0.060000 0.110727
0 0.219000 0.782007 0.058000 0.076125
0 0.212000 0.818339 0.064000 0.086505
0 0.131000 0.897924 0.074000 0.114187
0 0.249000 0.740484 0.054000 0.069204
0 0.301000 0.825260 0.062000 0.093426
0 0.272000 0.875433 0.068000 0.103806
0 0.339000 0.666090 0.042000 0.058824
0 0.317000 0.730104 0.054000 0.069204
0 0.235000 0.939446 0.086000 0.114187
0 0.098000 0.932526 0.100000 0.134948
0 0.399000 0.852941 0.070000 0.100346
0 0.395000 0.944637 0.090000 0.110727
0 0.705000 0.693772 0.050000 0.072664
0 0.666000 0.757785 0.060000 0.076125
0 0.607000 0.811419 0.062000 0.079585
0 0.821000 0.854671 0.078000 0.103806
0 0.874000 0.908304 0.084000 0.121107
0 0.671000 0.937716 0.102000 0.124567
1 0.941000 0.726644 0.098000 0.152249
