0 0.569074 0.528049 0.042386 0.051220
0 0.591052 0.517073 0.039246 0.048780
0 0.514914 0.520732 0.043956 0.056098
0 0.525118 0.559756 0.045526 0.060976
0 0.535322 0.579268 0.050235 0.070732
0 0.467818 0.558537 0.040816 0.053659
0 0.467033 0.532927 0.036107 0.051220
0 0.473312 0.495122 0.023548 0.034146
0 0.448980 0.615854 0.053375 0.070732
0 0.489011 0.654878 0.058085 0.080488
0 0.313187 0.543902 0.036107 0.053659
0 0.337520 0.513415 0.025118 0.041463
0 0.390110 0.504878 0.029827 0.039024
0 0.371272 0.539024 0.042386 0.058537
0 0.405024 0.453659 0.028257 0.029268
0 0.269231 0.575610 0.042386 0.053659
4 0.843799 0.636585 0.020408 0.068293
2 0.844584 0.663415 0.021978 0.068293
4 0.817896 0.618293 0.021978 0.065854
3 0.818681 0.631707 0.020408 0.063415
4 0.877551 0.635366 0.021978 0.075610
3 0.879121 0.657317 0.021978 0.070732
4 0.924647 0.693902 0.031397 0.085366
3 0.927002 0.717073 0.029827 0.078049
0 0.975667 0.639024 0.048666 0.078049
0 0.970958 0.628049 0.054945 0.085366
0 0.947410 0.615854 0.058085 0.075610
0 0.932496 0.604878 0.053375 0.073171
0 0.895604 0.579268 0.048666 0.056098
0 0.885400 0.573171 0.047096 0.063415
0 0.871272 0.551220 0.059655 0.073171
0 0.660911 0.682927 0.072214 0.097561
0 0.301413 0.690244 0.065934 0.082927
0 0.171900 0.678049 0.064364 0.082927
0 0.156201 0.754878 0.086342 0.095122
0 0.072214 0.879268 0.106750 0.143902
0 0.144427 0.943902 0.109890 0.112195
0 0.445055 0.701220 0.070644 0.095122
0 0.586342 0.632927 0.061224 0.080488
0 0.649922 0.723171 0.094192 0.100000
0 0.480377 0.803659 0.087912 0.114634
0 0.410518 0.907317 0.108320 0.121951
