0 0.029000 0.727099 0.054000 0.202290
0 0.139000 0.759542 0.166000 0.274809
4 0.209000 0.671756 0.038000 0.152672
0 0.146000 0.698473 0.124000 0.190840
0 0.324000 0.751908 0.168000 0.229008
0 0.286000 0.717557 0.112000 0.190840
0 0.402000 0.730916 0.120000 0.217557
0 0.463000 0.723282 0.106000 0.171756
0 0.503000 0.702290 0.090000 0.198473
0 0.521000 0.685115 0.094000 0.209924
0 0.560000 0.688931 0.084000 0.194656
0 0.615000 0.709924 0.082000 0.160305
0 0.742000 0.893130 0.176000 0.213740
0 0.782000 0.824427 0.168000 0.259542
0 0.750000 0.757634 0.160000 0.225191
0 0.771000 0.698473 0.114000 0.175573
0 0.862000 0.723282 0.120000 0.179389
0 0.853000 0.679389 0.110000 0.145038
0 0.951000 0.877863 0.094000 0.244275
0 0.960000 0.755725 0.080000 0.198473
0 0.952000 0.723282 0.096000 0.179389
0 0.972000 0.666031 0.056000 0.110687
