0 0.173636 0.913669 0.056364 0.086331
0 0.222727 0.910072 0.070909 0.115108
0 0.280909 0.922662 0.110909 0.147482
0 0.010909 0.895683 0.018182 0.043165
0 0.371818 0.884892 0.020000 0.035971
0 0.409091 0.895683 0.036364 0.057554
0 0.437273 0.883094 0.020000 0.032374
0 0.483636 0.899281 0.050909 0.071942
0 0.496364 0.893885 0.036364 0.053957
0 0.530909 0.890288 0.029091 0.053957
0 0.554545 0.893885 0.040000 0.075540
0 0.622727 0.901079 0.074545 0.147482
0 0.680909 0.906475 0.052727 0.093525
1 0.675455 0.868705 0.070909 0.140288
0 0.870909 0.902878 0.258182 0.187050
