2 0.169431 0.799353 0.263033 0.401294
0 0.465640 0.702265 0.466825 0.517799
0 0.860190 0.645631 0.279621 0.559871
0 0.056872 0.695793 0.109005 0.388350
0 0.031991 0.352751 0.059242 0.071197
1 0.084123 0.320388 0.163507 0.135922
4 0.586493 0.381877 0.026066 0.090615
0 0.644550 0.351133 0.085308 0.048544
0 0.719194 0.347896 0.049763 0.035599
0 0.774882 0.362460 0.118483 0.058252
1 0.400474 0.317152 0.132701 0.051780
0 0.325829 0.394822 0.225118 0.097087
0 0.312796 0.351133 0.123223 0.061489
0 0.195498 0.334951 0.054502 0.042071
0 0.212085 0.336570 0.049763 0.038835
0 0.222749 0.338188 0.052133 0.042071
0 0.232227 0.338188 0.052133 0.042071
1 0.450237 0.357605 0.241706 0.119741
4 0.847156 0.373786 0.026066 0.087379
4 0.870853 0.364078 0.021327 0.080906
0 0.956161 0.339806 0.087678 0.051780
