0 0.810145 0.887417 0.084058 0.083885
0 0.790580 0.868653 0.039130 0.059603
0 0.915942 0.924945 0.162319 0.150110
0 0.908696 0.916115 0.182609 0.158940
0 0.709420 0.874172 0.036232 0.057395
0 0.752174 0.870861 0.026087 0.041943
0 0.650725 0.867550 0.052174 0.088300
0 0.590580 0.885210 0.065217 0.092715
0 0.566667 0.896247 0.069565 0.101545
0 0.552899 0.899558 0.076812 0.103753
0 0.522464 0.900662 0.085507 0.110375
0 0.494928 0.892936 0.102899 0.152318
0 0.440580 0.900662 0.113043 0.167770
0 0.352899 0.869757 0.085507 0.101545
0 0.244928 0.871965 0.107246 0.136865
0 0.733333 0.864238 0.031884 0.050773
0 0.683333 0.900662 0.082609 0.097130
0 0.398551 0.920530 0.182609 0.150110
0 0.121014 0.922737 0.230435 0.150110
4 0.288406 0.908389 0.046377 0.183223
