1 0.249446 0.223214 0.126386 0.160714
0 0.158537 0.292857 0.082040 0.092857
0 0.291574 0.314286 0.082040 0.085714
0 0.342572 0.335714 0.077605 0.085714
0 0.421286 0.341071 0.070953 0.075000
0 0.503326 0.292857 0.057650 0.078571
0 0.549889 0.260714 0.053215 0.078571
0 0.307095 0.442857 0.090909 0.128571
0 0.072062 0.367857 0.073171 0.107143
0 0.025499 0.507143 0.046563 0.107143
0 0.053215 0.601786 0.101996 0.160714
0 0.033259 0.683929 0.062084 0.167857
0 0.216186 0.775000 0.139690 0.185714
0 0.282705 0.698214 0.135255 0.189286
0 0.330377 0.660714 0.110865 0.157143
1 0.392461 0.501786 0.186253 0.275000
0 0.613082 0.485714 0.082040 0.157143
0 0.536585 0.425000 0.084257 0.142857
0 0.569845 0.398214 0.066519 0.146429
0 0.644124 0.460714 0.068736 0.164286
0 0.681818 0.426786 0.068736 0.125000
0 0.608647 0.364286 0.059867 0.100000
0 0.630820 0.328571 0.064302 0.107143
0 0.677384 0.257143 0.050998 0.078571
0 0.664080 0.301786 0.064302 0.089286
1 0.487805 0.607143 0.226164 0.357143
1 0.792683 0.439286 0.139690 0.278571
0 0.166297 0.537500 0.106430 0.139286
0 0.152993 0.817857 0.150776 0.242857
0 0.360310 0.896429 0.175166 0.207143
0 0.419069 0.785714 0.150776 0.207143
0 0.690687 0.716071 0.130820 0.175000
0 0.941242 0.725000 0.117517 0.200000
0 0.954545 0.503571 0.090909 0.128571
0 0.052106 0.407143 0.099778 0.135714
