0 0.097376 0.908163 0.191989 0.183673
0 0.198204 0.875696 0.153315 0.144712
0 0.153315 0.821892 0.096685 0.096475
0 0.426105 0.811688 0.067680 0.068646
0 0.454420 0.794991 0.055249 0.064935
0 0.487569 0.789425 0.038674 0.050093
0 0.533149 0.781076 0.071823 0.033395
4 0.518646 0.787570 0.017956 0.057514
0 0.589779 0.782004 0.044199 0.050093
0 0.631215 0.808905 0.071823 0.066790
0 0.712017 0.820037 0.075967 0.077922
4 0.713398 0.819109 0.031768 0.076067
3 0.713398 0.834879 0.034530 0.070501
0 0.665055 0.792208 0.051105 0.063080
0 0.745856 0.771800 0.027624 0.033395
0 0.781768 0.776438 0.035912 0.035250
0 0.818370 0.779221 0.040055 0.051948
0 0.990331 0.771800 0.019337 0.025974
0 0.037983 0.807050 0.067680 0.070501
1 0.821133 0.759740 0.100829 0.057514
