4 0.319149 0.979206 0.025532 0.041588
0 0.117021 0.669187 0.210638 0.143667
0 0.168617 0.564272 0.190426 0.130435
0 0.260638 0.604915 0.178723 0.173913
0 0.375532 0.654064 0.187234 0.117202
0 0.461170 0.573724 0.150000 0.115312
1 0.750532 0.534026 0.456383 0.274102
0 0.747872 0.367675 0.080851 0.077505
0 0.673404 0.369565 0.065957 0.069943
1 0.566489 0.369565 0.177660 0.187146
0 0.845213 0.250473 0.067021 0.058601
0 0.758511 0.242911 0.063830 0.047259
0 0.552660 0.272212 0.073404 0.068053
0 0.498936 0.287335 0.072340 0.068053
0 0.391489 0.305293 0.074468 0.081285
0 0.420745 0.417769 0.124468 0.102079
0 0.379255 0.225898 0.058511 0.066163
0 0.382447 0.191871 0.067021 0.077505
0 0.362766 0.132325 0.065957 0.049149
1 0.269681 0.105860 0.124468 0.136106
0 0.245745 0.152174 0.057447 0.058601
0 0.211170 0.224953 0.054255 0.090737
0 0.127660 0.176749 0.059574 0.077505
0 0.162766 0.123819 0.053191 0.062382
0 0.155851 0.091682 0.052128 0.062382
0 0.158511 0.061437 0.042553 0.039698
0 0.080851 0.091682 0.053191 0.054820
0 0.105851 0.078450 0.052128 0.058601
0 0.024468 0.068998 0.046809 0.054820
0 0.039362 0.056711 0.044681 0.052930
0 0.242021 0.402647 0.132979 0.071834
0 0.062234 0.387524 0.122340 0.083176
4 0.686170 0.960302 0.029787 0.075614
2 0.686170 0.976371 0.027660 0.043478
2 0.486170 0.844045 0.025532 0.047259
