4 0.375174 0.739631 0.064156 0.313364
0 0.165272 0.694700 0.241283 0.241935
0 0.071130 0.658986 0.139470 0.147465
0 0.104603 0.619816 0.117155 0.119816
0 0.279637 0.648618 0.099024 0.117512
0 0.410739 0.632488 0.065551 0.103687
0 0.450488 0.617512 0.044630 0.055300
0 0.567643 0.630184 0.050209 0.062212
0 0.536960 0.614055 0.027894 0.034562
0 0.642957 0.630184 0.050209 0.057604
4 0.670153 0.619816 0.012552 0.041475
0 0.808926 0.629032 0.041841 0.032258
4 0.842399 0.634793 0.013947 0.057604
4 0.866806 0.637097 0.012552 0.052995
