0 0.367391 0.760965 0.015942 0.017544
1 0.349275 0.751096 0.017391 0.028509
1 0.330435 0.755482 0.026087 0.041667
0 0.489130 0.791667 0.033333 0.030702
0 0.563043 0.802632 0.039130 0.039474
0 0.621014 0.815789 0.056522 0.052632
0 0.673188 0.815789 0.053623 0.057018
0 0.713043 0.827851 0.055072 0.050439
0 0.761594 0.833333 0.076812 0.061404
0 0.834058 0.839912 0.082609 0.074561
0 0.218841 0.777412 0.023188 0.032895
0 0.028986 0.780702 0.031884 0.035088
0 0.513768 0.813596 0.062319 0.061404
0 0.415942 0.817982 0.072464 0.078947
1 0.255797 0.767544 0.062319 0.092105
0 0.145652 0.798246 0.062319 0.061404
0 0.060870 0.788377 0.057971 0.054825
