4 0.667391 0.830925 0.082609 0.257225
0 0.140217 0.826590 0.276087 0.127168
0 0.065217 0.755780 0.126087 0.135838
1 0.120652 0.708092 0.119565 0.127168
0 0.256522 0.721098 0.082609 0.089595
0 0.378261 0.750000 0.221739 0.124277
0 0.318478 0.776012 0.245652 0.118497
0 0.500000 0.742775 0.091304 0.086705
0 0.611957 0.825145 0.336957 0.170520
0 0.793478 0.822254 0.130435 0.130058
0 0.894565 0.796243 0.210870 0.106936
0 0.940217 0.768786 0.119565 0.086705
0 0.745652 0.763006 0.143478 0.098266
0 0.803261 0.748555 0.076087 0.080925
