0 0.848413 0.917598 0.077778 0.097765
1 0.815079 0.740223 0.100000 0.162011
0 0.691270 0.678771 0.036508 0.050279
0 0.501587 0.761173 0.044444 0.069832
0 0.434921 0.747207 0.044444 0.064246
0 0.437302 0.719274 0.042857 0.053073
0 0.467460 0.678771 0.039683 0.061453
0 0.358730 0.657821 0.034921 0.053073
0 0.434127 0.824022 0.052381 0.078212
0 0.454762 0.907821 0.071429 0.111732
0 0.336508 0.913408 0.069841 0.106145
0 0.331746 0.831006 0.057143 0.081006
0 0.342063 0.769553 0.049206 0.069832
0 0.207143 0.952514 0.071429 0.094972
1 0.203968 0.708101 0.061905 0.125698
