4 0.359000 0.571221 0.210000 0.677326
4 0.964000 0.309593 0.028000 0.084302
4 0.981000 0.308140 0.022000 0.087209
0 0.833000 0.329942 0.178000 0.107558
0 0.939000 0.312500 0.086000 0.061047
0 0.628000 0.312500 0.044000 0.037791
0 0.591000 0.313953 0.038000 0.034884
0 0.474000 0.334302 0.108000 0.104651
0 0.027000 0.375000 0.050000 0.069767
0 0.043000 0.356105 0.066000 0.072674
4 0.087000 0.354651 0.022000 0.069767
2 0.090000 0.372093 0.020000 0.052326
4 0.110000 0.345930 0.016000 0.052326
2 0.112000 0.361919 0.016000 0.043605
