1 0.733711 0.289286 0.189802 0.154762
0 0.893059 0.363690 0.134561 0.089286
0 0.934136 0.401786 0.120397 0.086905
0 0.832861 0.335714 0.107649 0.057143
0 0.842776 0.769048 0.274788 0.195238
0 0.597025 0.895238 0.298867 0.197619
0 0.740085 0.692857 0.219547 0.159524
0 0.687677 0.634524 0.185552 0.138095
0 0.618980 0.601786 0.181303 0.117857
0 0.581445 0.556548 0.185552 0.125000
0 0.546742 0.518452 0.161473 0.108333
0 0.497875 0.484524 0.168555 0.109524
0 0.492210 0.441071 0.128895 0.105952
0 0.446176 0.439881 0.135977 0.091667
0 0.409348 0.419048 0.118980 0.088095
0 0.391643 0.398214 0.126062 0.077381
0 0.371813 0.369048 0.126062 0.085714
0 0.332861 0.343452 0.113314 0.077381
0 0.323654 0.313690 0.100567 0.072619
0 0.469547 0.814881 0.247875 0.175000
0 0.442635 0.717857 0.230878 0.135714
0 0.335694 0.660714 0.206799 0.142857
0 0.365439 0.597024 0.172805 0.110714
0 0.306657 0.560714 0.171388 0.119048
0 0.287535 0.508929 0.184136 0.113095
0 0.239377 0.477976 0.141643 0.127381
0 0.223088 0.457738 0.145892 0.103571
0 0.233711 0.429167 0.144476 0.086905
0 0.177762 0.395238 0.128895 0.088095
0 0.201841 0.358333 0.094901 0.064286
0 0.163598 0.340476 0.097734 0.059524
0 0.126062 0.333333 0.093484 0.069048
0 0.033286 0.706548 0.063739 0.139286
