0 0.418116 0.751295 0.076812 0.139896
0 0.437681 0.734456 0.052174 0.085492
0 0.358696 0.735751 0.053623 0.103627
0 0.294928 0.746114 0.085507 0.108808
0 0.200725 0.775907 0.126087 0.220207
0 0.076087 0.839378 0.149275 0.248705
0 0.138406 0.889896 0.265217 0.220207
0 0.576087 0.748705 0.071014 0.155440
0 0.563043 0.753886 0.076812 0.119171
0 0.611594 0.779793 0.115942 0.165803
0 0.676812 0.791451 0.147826 0.230570
0 0.776087 0.751295 0.091304 0.160622
0 0.810870 0.800518 0.102899 0.170984
0 0.725362 0.857513 0.181159 0.279793
0 0.334783 0.836788 0.179710 0.253886
