0 0.061875 0.845499 0.031250 0.046229
0 0.092500 0.841849 0.040000 0.053528
0 0.168750 0.850365 0.060000 0.051095
0 0.206875 0.863747 0.061250 0.072993
0 0.295000 0.851582 0.052500 0.058394
0 0.035000 0.913625 0.067500 0.172749
1 0.398750 0.839416 0.047500 0.063260
0 0.427500 0.841849 0.035000 0.058394
0 0.529375 0.871046 0.121250 0.214112
0 0.582500 0.835766 0.037500 0.085158
0 0.645000 0.849148 0.082500 0.155718
0 0.836875 0.888078 0.233750 0.223844
0 0.958125 0.909976 0.083750 0.175182
4 0.744375 0.846715 0.028750 0.126521
