0 0.028391 0.685103 0.054679 0.066372
0 0.066246 0.674041 0.035752 0.044248
0 0.158780 0.669617 0.046267 0.056047
0 0.261830 0.642330 0.065195 0.092920
0 0.369611 0.671829 0.051525 0.063422
0 0.508938 0.665929 0.073607 0.087021
0 0.553628 0.631268 0.091483 0.109145
0 0.775499 0.654130 0.114616 0.146018
0 0.883281 0.657080 0.090431 0.143068
0 0.124606 0.678466 0.080967 0.079646
0 0.226604 0.677729 0.064143 0.072271
0 0.285489 0.674779 0.070452 0.069322
0 0.343323 0.673304 0.064143 0.063422
0 0.447950 0.652655 0.107256 0.125369
0 0.589905 0.647493 0.124080 0.150442
0 0.722397 0.708702 0.260778 0.278761
4 0.868034 0.691003 0.095689 0.305310
0 0.813880 0.655605 0.065195 0.128319
0 0.885910 0.657817 0.146162 0.135693
0 0.937960 0.643805 0.073607 0.110619
0 0.982650 0.635693 0.034700 0.138643
0 0.992114 0.641593 0.015773 0.179941
