0 0.480435 0.879747 0.105797 0.159494
0 0.121014 0.706329 0.062319 0.111392
0 0.146377 0.705063 0.049275 0.083544
0 0.518841 0.687342 0.057971 0.078481
0 0.947101 0.958228 0.105797 0.078481
0 0.751449 0.700000 0.056522 0.088608
0 0.655797 0.635443 0.042029 0.060759
0 0.586957 0.629114 0.052174 0.073418
1 0.745652 0.643038 0.088406 0.162025
0 0.716667 0.670886 0.044928 0.070886
0 0.627536 0.589873 0.037681 0.065823
0 0.641304 0.625316 0.042029 0.065823
4 0.505072 0.603797 0.015942 0.058228
0 0.483333 0.546835 0.039130 0.045570
0 0.439130 0.539241 0.031884 0.040506
0 0.319565 0.545570 0.062319 0.048101
1 0.544203 0.315190 0.233333 0.144304
1 0.769565 0.344304 0.214493 0.111392
0 0.407971 0.359494 0.071014 0.055696
0 0.147826 0.972152 0.095652 0.055696
