0 0.757639 0.894565 0.268056 0.210870
0 0.608333 0.917391 0.172222 0.165217
0 0.833333 0.882609 0.130556 0.217391
0 0.618750 0.875000 0.115278 0.184783
0 0.551389 0.802174 0.130556 0.139130
0 0.520833 0.658696 0.083333 0.104348
0 0.502083 0.575000 0.068056 0.106522
0 0.478472 0.554348 0.054167 0.069565
0 0.561806 0.527174 0.048611 0.063043
0 0.578472 0.546739 0.056944 0.080435
0 0.484028 0.505435 0.048611 0.058696
0 0.471528 0.480435 0.037500 0.052174
0 0.484722 0.467391 0.044444 0.052174
0 0.511111 0.458696 0.036111 0.052174
0 0.451389 0.443478 0.033333 0.052174
1 0.367361 0.567391 0.106944 0.208696
0 0.429861 0.418478 0.029167 0.050000
1 0.113889 0.530435 0.111111 0.191304
0 0.154167 0.422826 0.027778 0.041304
0 0.216667 0.423913 0.022222 0.030435
