0 0.674638 0.981195 0.056522 0.037611
0 0.655797 0.974558 0.042029 0.037611
0 0.642029 0.963496 0.043478 0.050885
0 0.639855 0.943584 0.042029 0.050885
0 0.636232 0.929204 0.040580 0.044248
0 0.619565 0.919248 0.039130 0.055310
0 0.612319 0.898230 0.044928 0.048673
0 0.607971 0.873894 0.036232 0.048673
0 0.601449 0.847345 0.034783 0.030973
0 0.657246 0.836283 0.036232 0.039823
1 0.726087 0.829646 0.089855 0.088496
0 0.871014 0.945796 0.052174 0.055310
0 0.817391 0.909292 0.034783 0.030973
0 0.634783 0.815265 0.028986 0.033186
0 0.589130 0.826327 0.024638 0.033186
0 0.605797 0.830752 0.026087 0.033186
0 0.602174 0.806416 0.027536 0.037611
0 0.559420 0.967920 0.049275 0.050885
0 0.568116 0.950221 0.049275 0.055310
0 0.555072 0.933628 0.043478 0.053097
0 0.553623 0.911504 0.037681 0.048673
0 0.555072 0.882743 0.037681 0.039823
0 0.542754 0.866150 0.033333 0.037611
0 0.546377 0.853982 0.028986 0.030973
0 0.548551 0.821903 0.030435 0.050885
0 0.557971 0.819690 0.023188 0.028761
0 0.557971 0.804204 0.026087 0.037611
0 0.486957 0.978982 0.049275 0.024336
0 0.468116 0.963496 0.043478 0.055310
0 0.481159 0.935841 0.046377 0.066372
0 0.497101 0.913717 0.037681 0.053097
0 0.494928 0.875000 0.033333 0.033186
0 0.508696 0.856195 0.026087 0.039823
0 0.507246 0.834071 0.023188 0.039823
0 0.515217 0.820796 0.027536 0.035398
0 0.515942 0.798673 0.023188 0.035398
0 0.331159 0.952434 0.059420 0.090708
0 0.278986 0.945796 0.044928 0.059735
0 0.260145 0.913717 0.042029 0.053097
0 0.355072 0.936947 0.040580 0.064159
0 0.331159 0.903761 0.042029 0.059735
0 0.309420 0.868363 0.033333 0.042035
0 0.404348 0.867257 0.031884 0.044248
0 0.394203 0.855088 0.028986 0.037611
0 0.379710 0.841814 0.028986 0.046460
0 0.377536 0.797566 0.027536 0.037611
0 0.415217 0.806416 0.021739 0.028761
0 0.403623 0.788717 0.021739 0.028761
0 0.464493 0.784292 0.021739 0.033186
0 0.461594 0.736726 0.021739 0.030973
0 0.487681 0.748894 0.021739 0.028761
1 0.434058 0.728982 0.021739 0.042035
0 0.026087 0.920354 0.049275 0.057522
0 0.106522 0.890487 0.039130 0.042035
0 0.050000 0.892699 0.036232 0.050885
0 0.095652 0.873894 0.031884 0.044248
0 0.136232 0.851770 0.034783 0.044248
0 0.196377 0.845133 0.030435 0.039823
0 0.192754 0.817478 0.023188 0.033186
0 0.305072 0.775442 0.021739 0.024336
