4 0.961667 0.839489 0.076667 0.196023
4 0.861667 0.835227 0.040000 0.159091
4 0.815000 0.840909 0.036667 0.147727
4 0.452500 0.860795 0.058333 0.176136
0 0.348333 0.873580 0.163333 0.190341
3 0.453333 0.889205 0.056667 0.164773
0 0.471667 0.850852 0.100000 0.127841
0 0.511667 0.845170 0.063333 0.105114
0 0.585000 0.833807 0.056667 0.071023
0 0.605000 0.826705 0.050000 0.073864
0 0.121667 0.863636 0.186667 0.193182
0 0.827500 0.840909 0.081667 0.113636
0 0.799167 0.825284 0.051667 0.071023
4 0.757500 0.825284 0.041667 0.144886
4 0.936667 0.850852 0.043333 0.224432
0 0.675000 0.821023 0.040000 0.051136
