0 0.794203 0.657834 0.081159 0.103687
0 0.732609 0.640553 0.082609 0.087558
0 0.680435 0.617512 0.073913 0.082949
0 0.629710 0.597926 0.082609 0.094470
0 0.576087 0.594470 0.079710 0.078341
0 0.529710 0.572581 0.088406 0.085253
0 0.492754 0.561060 0.078261 0.080645
0 0.456522 0.554147 0.057971 0.057604
0 0.424638 0.546083 0.075362 0.064516
0 0.390580 0.538018 0.071014 0.057604
0 0.360145 0.531106 0.068116 0.057604
0 0.329710 0.516129 0.073913 0.064516
0 0.306522 0.516129 0.059420 0.050691
0 0.668841 0.715438 0.114493 0.112903
0 0.582609 0.768433 0.110145 0.112903
0 0.510145 0.745392 0.113043 0.108295
0 0.452174 0.723502 0.113043 0.092166
0 0.395652 0.698157 0.121739 0.087558
0 0.344203 0.671659 0.111594 0.076037
0 0.314493 0.658986 0.118841 0.082949
0 0.280435 0.633641 0.117391 0.082949
0 0.248551 0.611751 0.102899 0.076037
0 0.206522 0.604839 0.076812 0.066820
0 0.173188 0.594470 0.071014 0.059908
0 0.149275 0.586406 0.092754 0.071429
0 0.122464 0.573733 0.065217 0.055300
0 0.447101 0.897465 0.175362 0.177419
0 0.387681 0.835253 0.186957 0.158986
0 0.328986 0.791475 0.147826 0.131336
0 0.263768 0.755760 0.144928 0.124424
0 0.211594 0.739631 0.115942 0.096774
0 0.184783 0.717742 0.131884 0.108295
0 0.157246 0.688940 0.126087 0.101382
0 0.138406 0.667051 0.111594 0.080645
0 0.101449 0.648618 0.104348 0.080645
0 0.065942 0.639401 0.088406 0.071429
0 0.056522 0.612903 0.098551 0.073733
0 0.042754 0.588710 0.082609 0.080645
0 0.064493 0.536866 0.065217 0.050691
4 0.297826 0.888249 0.036232 0.103687
4 0.913768 0.471198 0.013043 0.039171
0 0.451449 0.430876 0.044928 0.032258
0 0.481884 0.426267 0.044928 0.027650
0 0.465942 0.408986 0.030435 0.025346
0 0.506522 0.419355 0.042029 0.027650
0 0.523188 0.410138 0.034783 0.032258
0 0.542029 0.407834 0.034783 0.032258
0 0.563043 0.404378 0.039130 0.025346
0 0.584058 0.402074 0.031884 0.025346
0 0.584058 0.383641 0.034783 0.025346
0 0.976087 0.410138 0.030435 0.032258
0 0.947826 0.407834 0.023188 0.032258
0 0.925362 0.402074 0.027536 0.029954
0 0.902174 0.402074 0.024638 0.029954
0 0.874638 0.398618 0.024638 0.027650
0 0.850725 0.396313 0.023188 0.027650
0 0.829710 0.391705 0.024638 0.023041
0 0.807246 0.391705 0.023188 0.027650
0 0.707246 0.380184 0.026087 0.027650
0 0.723913 0.379032 0.027536 0.029954
0 0.744928 0.384793 0.026087 0.027650
0 0.767391 0.383641 0.027536 0.025346
0 0.785507 0.387097 0.028986 0.032258
0 0.935507 0.366359 0.036232 0.023041
0 0.811594 0.360599 0.034783 0.025346
